/*--------------------------------*- C++ -*----------------------------------*\
| =========                 |                                                 |
| \\      /  F ield         | OpenFOAM: The Open Source CFD Toolbox           |
|  \\    /   O peration     | Version:  2412                                  |
|   \\  /    A nd           | Website:  www.openfoam.com                      |
|    \\/     M anipulation  |                                                 |
\*---------------------------------------------------------------------------*/
FoamFile
{
    version     2.0;
    format      ascii;
    arch        "LSB;label=32;scalar=64";
    class       faceList;
    location    "constant/polyMesh";
    object      faces;
}
// * * * * * * * * * * * * * * * * * * * * * * * * * * * * * * * * * * * * * //


144
(
4(10 41 34 3)
4(11 42 38 7)
4(11 6 37 42)
4(12 1 32 43)
4(12 43 40 9)
4(3 13 44 34)
4(10 41 44 13)
4(13 44 35 4)
4(7 14 45 38)
4(11 42 45 14)
4(15 6 37 46)
4(15 46 42 11)
4(15 5 36 46)
4(4 16 47 35)
4(13 44 47 16)
4(16 5 36 47)
4(16 47 46 15)
4(18 49 44 13)
4(9 19 50 40)
4(13 21 52 44)
4(18 49 52 21)
4(21 52 47 16)
4(11 24 55 42)
4(15 46 55 24)
4(19 50 56 25)
4(20 51 57 26)
4(17 26 57 48)
4(24 20 51 55)
4(24 55 57 26)
4(27 19 50 58)
4(27 17 48 58)
4(27 58 57 26)
4(22 26 57 53)
4(24 55 59 28)
4(11 28 59 42)
4(28 20 51 59)
4(23 54 59 28)
4(28 14 45 59)
4(16 29 60 47)
4(21 52 60 29)
4(29 15 46 60)
4(29 60 55 24)
4(26 57 61 30)
4(30 61 60 29)
4(30 21 52 61)
4(24 30 61 55)
4(0 1 32 31)
4(2 3 34 33)
4(6 7 38 37)
4(3 4 35 34)
4(7 8 39 38)
4(5 6 37 36)
4(4 5 36 35)
3(10 3 2)
3(41 33 34)
3(11 7 6)
3(42 37 38)
3(12 9 1)
3(43 32 40)
3(12 1 0)
3(43 31 32)
3(10 13 3)
3(41 34 44)
3(13 4 3)
3(44 34 35)
3(11 14 7)
3(42 38 45)
3(14 8 7)
3(45 38 39)
3(15 11 6)
3(46 37 42)
3(15 6 5)
3(46 36 37)
3(13 16 4)
3(44 35 47)
3(16 15 5)
3(47 36 46)
3(16 5 4)
3(47 35 36)
3(18 13 10)
3(49 41 44)
3(12 19 9)
3(43 40 50)
3(18 21 13)
3(49 44 52)
3(21 16 13)
3(52 44 47)
3(15 24 11)
3(46 42 55)
3(19 25 9)
3(50 40 56)
3(20 26 17)
3(51 48 57)
3(24 26 20)
3(55 51 57)
3(27 25 19)
3(58 50 56)
3(27 19 17)
3(58 48 50)
3(27 26 22)
3(58 53 57)
3(26 27 17)
3(57 48 58)
3(24 28 11)
3(55 42 59)
3(28 24 20)
3(59 51 55)
3(23 28 20)
3(54 51 59)
3(28 23 14)
3(59 45 54)
3(28 14 11)
3(59 42 45)
3(21 29 16)
3(52 47 60)
3(29 24 15)
3(60 46 55)
3(16 29 15)
3(47 46 60)
3(26 30 22)
3(57 53 61)
3(30 29 21)
3(61 52 60)
3(29 30 24)
3(60 55 61)
3(30 26 24)
3(61 55 57)
3(30 21 18)
3(61 49 52)
4(9 40 32 1)
4(9 25 56 40)
4(10 2 33 41)
4(18 10 41 49)
4(22 53 58 27)
4(27 58 56 25)
4(22 30 61 53)
4(18 49 61 30)
4(12 0 31 43)
4(12 43 50 19)
4(17 19 50 48)
4(14 45 39 8)
4(23 54 45 14)
4(17 48 51 20)
4(23 20 51 54)
)


// ************************************************************************* //
