/*--------------------------------*- C++ -*----------------------------------*\
| =========                 |                                                 |
| \\      /  F ield         | OpenFOAM: The Open Source CFD Toolbox           |
|  \\    /   O peration     | Version:  2412                                  |
|   \\  /    A nd           | Website:  www.openfoam.com                      |
|    \\/     M anipulation  |                                                 |
\*---------------------------------------------------------------------------*/
FoamFile
{
    version     2.0;
    format      ascii;
    arch        "LSB;label=32;scalar=64";
    class       faceList;
    location    "constant/polyMesh";
    object      faces;
}
// * * * * * * * * * * * * * * * * * * * * * * * * * * * * * * * * * * * * * //


559
(
4(22 3 101 120)
4(22 120 102 4)
4(23 9 107 121)
4(23 121 108 10)
4(24 122 116 18)
4(24 17 115 122)
4(25 3 101 123)
4(25 123 120 22)
4(25 2 100 123)
4(4 26 124 102)
4(22 120 124 26)
4(26 124 103 5)
4(27 9 107 125)
4(27 125 121 23)
4(27 8 106 125)
4(10 28 126 108)
4(23 121 126 28)
4(29 6 104 127)
4(18 30 128 116)
4(24 122 128 30)
4(30 128 117 19)
4(31 17 115 129)
4(31 129 122 24)
4(31 16 114 129)
4(32 2 100 130)
4(32 130 123 25)
4(32 1 99 130)
4(33 6 104 131)
4(33 131 127 29)
4(5 33 131 103)
4(26 124 131 33)
4(34 132 111 13)
4(35 1 99 133)
4(35 133 130 32)
4(36 8 106 134)
4(36 134 125 27)
4(36 21 119 134)
4(19 37 135 117)
4(30 128 135 37)
4(37 135 118 20)
4(38 136 113 15)
4(38 14 112 136)
4(15 39 137 113)
4(38 136 137 39)
4(39 16 114 137)
4(39 137 129 31)
4(20 40 138 118)
4(37 135 138 40)
4(40 21 119 138)
4(40 138 134 36)
4(13 41 139 111)
4(34 132 139 41)
4(41 14 112 139)
4(41 139 136 38)
4(23 45 143 121)
4(27 125 143 45)
4(22 48 146 120)
4(25 123 146 48)
4(33 131 152 54)
4(22 56 154 120)
4(48 146 154 56)
4(56 154 124 26)
4(57 25 123 155)
4(57 155 146 48)
4(32 130 155 57)
4(58 24 122 156)
4(58 156 128 30)
4(42 50 148 140)
4(60 42 140 158)
4(23 61 159 121)
4(45 143 159 61)
4(61 28 126 159)
4(61 159 148 50)
4(42 61 159 140)
4(42 45 143 140)
4(63 37 135 161)
4(63 161 138 40)
4(52 150 162 64)
4(52 46 144 150)
4(32 65 163 130)
4(65 163 155 57)
4(57 53 151 155)
4(26 67 165 124)
4(56 154 165 67)
4(67 33 131 165)
4(67 165 152 54)
4(68 166 139 41)
4(69 48 146 167)
4(69 167 154 56)
4(43 48 146 141)
4(69 43 141 167)
4(48 70 168 146)
4(57 155 168 70)
4(43 70 168 141)
4(71 24 122 169)
4(71 169 156 58)
4(31 129 169 71)
4(73 59 157 171)
4(59 72 170 157)
4(73 171 170 72)
4(73 171 153 55)
4(73 47 145 171)
4(73 171 166 68)
4(68 59 157 166)
4(74 172 170 72)
4(74 43 141 172)
4(43 72 170 141)
4(72 49 147 170)
4(49 74 172 147)
4(75 173 156 58)
4(49 58 156 147)
4(75 49 147 173)
4(63 161 173 75)
4(63 51 149 161)
4(51 75 173 149)
4(30 76 174 128)
4(58 156 174 76)
4(76 37 135 174)
4(76 174 161 63)
4(76 174 173 75)
4(77 175 161 63)
4(77 51 149 175)
4(40 77 175 138)
4(36 77 175 134)
4(78 176 162 64)
4(78 52 150 176)
4(79 42 140 177)
4(81 66 164 179)
4(81 179 178 80)
4(54 81 179 152)
4(67 165 179 81)
4(82 180 166 68)
4(82 59 157 180)
4(41 82 180 139)
4(38 82 180 136)
4(43 83 181 141)
4(70 168 181 83)
4(83 181 176 78)
4(83 62 160 181)
4(62 78 176 160)
4(64 83 181 162)
4(83 181 172 74)
4(74 62 160 172)
4(53 84 182 151)
4(64 162 182 84)
4(84 57 155 182)
4(84 182 168 70)
4(84 182 181 83)
4(58 85 183 156)
4(71 169 183 85)
4(49 85 183 147)
4(85 183 170 72)
4(59 85 183 157)
4(86 184 183 85)
4(86 71 169 184)
4(59 86 184 157)
4(86 31 129 184)
4(39 137 184 86)
4(72 87 185 170)
4(73 171 185 87)
4(43 87 185 141)
4(87 185 167 69)
4(77 175 186 88)
4(36 88 186 134)
4(88 51 149 186)
4(27 88 186 125)
4(88 186 143 45)
4(44 88 186 142)
4(45 44 142 143)
4(89 187 176 78)
4(89 52 150 187)
4(62 89 187 160)
4(90 52 150 188)
4(52 79 177 150)
4(91 73 171 189)
4(91 189 185 87)
4(91 47 145 189)
4(80 91 189 178)
4(81 179 189 91)
4(56 92 190 154)
4(69 167 190 92)
4(92 67 165 190)
4(92 190 179 81)
4(92 190 189 91)
4(87 92 190 185)
4(38 93 191 136)
4(82 180 191 93)
4(93 39 137 191)
4(93 191 184 86)
4(59 93 191 157)
4(94 44 142 192)
4(44 89 187 142)
4(94 192 187 89)
4(94 192 186 88)
4(94 51 149 192)
4(95 193 177 79)
4(95 42 140 193)
4(52 95 193 150)
4(95 193 187 89)
4(44 95 193 142)
4(95 193 143 45)
4(96 51 149 194)
4(96 194 192 94)
4(75 173 194 96)
4(89 96 194 187)
4(62 96 194 160)
4(49 97 195 147)
4(74 172 195 97)
4(97 75 173 195)
4(97 195 194 96)
4(62 97 195 160)
4(3 4 102 101)
4(9 10 108 107)
4(2 3 101 100)
4(4 5 103 102)
4(8 9 107 106)
4(10 11 109 108)
4(6 7 105 104)
4(1 2 100 99)
4(5 6 104 103)
4(0 1 99 98)
4(17 18 116 115)
4(18 19 117 116)
4(16 17 115 114)
4(12 13 111 110)
4(21 8 106 119)
4(19 20 118 117)
4(14 15 113 112)
4(15 16 114 113)
4(20 21 119 118)
4(13 14 112 111)
3(22 4 3)
3(120 101 102)
3(23 10 9)
3(121 107 108)
3(24 18 17)
3(122 115 116)
3(25 22 3)
3(123 101 120)
3(25 3 2)
3(123 100 101)
3(22 26 4)
3(120 102 124)
3(26 5 4)
3(124 102 103)
3(27 23 9)
3(125 107 121)
3(27 9 8)
3(125 106 107)
3(23 28 10)
3(121 108 126)
3(28 11 10)
3(126 108 109)
3(29 7 6)
3(127 104 105)
3(24 30 18)
3(122 116 128)
3(30 19 18)
3(128 116 117)
3(31 24 17)
3(129 115 122)
3(31 17 16)
3(129 114 115)
3(32 25 2)
3(130 100 123)
3(32 2 1)
3(130 99 100)
3(33 29 6)
3(131 104 127)
3(26 33 5)
3(124 103 131)
3(33 6 5)
3(131 103 104)
3(34 13 12)
3(132 110 111)
3(35 32 1)
3(133 99 130)
3(35 1 0)
3(133 98 99)
3(36 27 8)
3(134 106 125)
3(36 8 21)
3(134 119 106)
3(30 37 19)
3(128 117 135)
3(37 20 19)
3(135 117 118)
3(38 15 14)
3(136 112 113)
3(38 39 15)
3(136 113 137)
3(39 31 16)
3(137 114 129)
3(39 16 15)
3(137 113 114)
3(37 40 20)
3(135 118 138)
3(40 36 21)
3(138 119 134)
3(40 21 20)
3(138 118 119)
3(34 41 13)
3(132 111 139)
3(41 38 14)
3(139 112 136)
3(41 14 13)
3(139 111 112)
3(27 45 23)
3(125 121 143)
3(25 48 22)
3(123 120 146)
3(33 54 29)
3(131 127 152)
3(48 56 22)
3(146 120 154)
3(56 26 22)
3(154 120 124)
3(57 48 25)
3(155 123 146)
3(32 57 25)
3(130 123 155)
3(58 30 24)
3(156 122 128)
3(60 50 42)
3(158 140 148)
3(45 61 23)
3(143 121 159)
3(61 50 28)
3(159 126 148)
3(61 28 23)
3(159 121 126)
3(50 61 42)
3(148 140 159)
3(61 45 42)
3(159 140 143)
3(63 40 37)
3(161 135 138)
3(52 64 46)
3(150 144 162)
3(35 65 32)
3(133 130 163)
3(65 57 32)
3(163 130 155)
3(57 65 53)
3(155 151 163)
3(56 67 26)
3(154 124 165)
3(67 54 33)
3(165 131 152)
3(67 33 26)
3(165 124 131)
3(68 41 34)
3(166 132 139)
3(69 56 48)
3(167 146 154)
3(69 48 43)
3(167 141 146)
3(57 70 48)
3(155 146 168)
3(48 70 43)
3(146 141 168)
3(71 58 24)
3(169 122 156)
3(31 71 24)
3(129 122 169)
3(73 72 59)
3(171 157 170)
3(73 55 47)
3(171 145 153)
3(73 68 55)
3(171 153 166)
3(68 73 59)
3(166 157 171)
3(74 72 43)
3(172 141 170)
3(72 74 49)
3(170 147 172)
3(75 58 49)
3(173 147 156)
3(63 75 51)
3(161 149 173)
3(58 76 30)
3(156 128 174)
3(76 63 37)
3(174 135 161)
3(76 37 30)
3(174 128 135)
3(76 75 63)
3(174 161 173)
3(75 76 58)
3(173 156 174)
3(77 63 51)
3(175 149 161)
3(63 77 40)
3(161 138 175)
3(40 77 36)
3(138 134 175)
3(78 64 52)
3(176 150 162)
3(79 60 42)
3(177 140 158)
3(81 80 66)
3(179 164 178)
3(67 81 54)
3(165 152 179)
3(81 66 54)
3(179 152 164)
3(82 68 59)
3(180 157 166)
3(68 82 41)
3(166 139 180)
3(41 82 38)
3(139 136 180)
3(70 83 43)
3(168 141 181)
3(83 78 62)
3(181 160 176)
3(78 83 64)
3(176 162 181)
3(83 74 43)
3(181 141 172)
3(74 83 62)
3(172 160 181)
3(64 84 53)
3(162 151 182)
3(84 70 57)
3(182 155 168)
3(84 57 53)
3(182 151 155)
3(84 83 70)
3(182 168 181)
3(83 84 64)
3(181 162 182)
3(71 85 58)
3(169 156 183)
3(58 85 49)
3(156 147 183)
3(85 72 49)
3(183 147 170)
3(72 85 59)
3(170 157 183)
3(86 85 71)
3(184 169 183)
3(85 86 59)
3(183 157 184)
3(86 71 31)
3(184 129 169)
3(39 86 31)
3(137 129 184)
3(73 87 72)
3(171 170 185)
3(72 87 43)
3(170 141 185)
3(87 69 43)
3(185 141 167)
3(77 88 36)
3(175 134 186)
3(88 77 51)
3(186 149 175)
3(36 88 27)
3(134 125 186)
3(88 45 27)
3(186 125 143)
3(45 88 44)
3(143 142 186)
3(89 78 52)
3(187 150 176)
3(78 89 62)
3(176 160 187)
3(90 79 52)
3(188 150 177)
3(90 52 46)
3(188 144 150)
3(91 87 73)
3(189 171 185)
3(91 73 47)
3(189 145 171)
3(81 91 80)
3(179 178 189)
3(80 91 47)
3(178 145 189)
3(69 92 56)
3(167 154 190)
3(92 81 67)
3(190 165 179)
3(92 67 56)
3(190 154 165)
3(92 91 81)
3(190 179 189)
3(91 92 87)
3(189 185 190)
3(87 92 69)
3(185 167 190)
3(82 93 38)
3(180 136 191)
3(93 86 39)
3(191 137 184)
3(93 39 38)
3(191 136 137)
3(86 93 59)
3(184 157 191)
3(93 82 59)
3(191 157 180)
3(94 89 44)
3(192 142 187)
3(94 88 51)
3(192 149 186)
3(88 94 44)
3(186 142 192)
3(95 79 42)
3(193 140 177)
3(79 95 52)
3(177 150 193)
3(95 89 52)
3(193 150 187)
3(89 95 44)
3(187 142 193)
3(95 45 44)
3(193 142 143)
3(45 95 42)
3(143 140 193)
3(96 94 51)
3(194 149 192)
3(75 96 51)
3(173 149 194)
3(94 96 89)
3(192 187 194)
3(89 96 62)
3(187 160 194)
3(74 97 49)
3(172 147 195)
3(97 96 75)
3(195 173 194)
3(97 75 49)
3(195 147 173)
3(96 97 62)
3(194 160 195)
3(97 74 62)
3(195 160 172)
4(28 126 109 11)
4(0 98 133 35)
4(50 148 126 28)
4(60 158 148 50)
4(46 64 162 144)
4(35 133 163 65)
4(53 65 163 151)
4(79 177 158 60)
4(53 151 162 64)
4(90 188 177 79)
4(90 46 144 188)
4(29 127 105 7)
4(34 12 110 132)
4(54 152 127 29)
4(54 66 164 152)
4(68 34 132 166)
4(47 55 153 145)
4(55 68 166 153)
4(47 145 178 80)
4(66 80 178 164)
)


// ************************************************************************* //
