/*--------------------------------*- C++ -*----------------------------------*\
| =========                 |                                                 |
| \\      /  F ield         | OpenFOAM: The Open Source CFD Toolbox           |
|  \\    /   O peration     | Version:  2412                                  |
|   \\  /    A nd           | Website:  www.openfoam.com                      |
|    \\/     M anipulation  |                                                 |
\*---------------------------------------------------------------------------*/
FoamFile
{
    version     2.0;
    format      ascii;
    arch        "LSB;label=32;scalar=64";
    class       labelList;
    location    "constant/polyMesh";
    object      faceProcAddressing;
}
// * * * * * * * * * * * * * * * * * * * * * * * * * * * * * * * * * * * * * //


559
(
7
8
23
24
61
62
63
64
65
66
67
68
125
126
127
128
129
146
204
205
206
207
208
209
210
211
212
213
214
215
216
218
222
223
285
286
287
360
361
362
363
364
365
366
367
368
393
394
395
396
420
421
422
423
453
454
506
507
631
655
656
657
658
659
660
661
662
673
674
678
679
680
681
682
683
689
690
691
693
694
696
698
877
878
879
880
894
904
905
906
907
908
909
910
911
912
913
914
915
916
917
919
920
922
972
973
974
975
976
977
978
979
980
981
982
983
984
985
986
987
988
989
990
991
992
993
995
1142
1143
1144
1145
1146
1147
1148
1149
1165
1166
1167
1168
1169
1170
1171
1172
1173
1174
1175
1176
1177
1178
1179
1180
1181
1182
1183
1184
1185
1186
1187
1188
1189
1190
1191
1202
1203
1204
1205
1206
1207
1208
1209
1210
1211
1212
1214
1253
1254
1255
1256
1257
1258
1259
1260
1261
1262
1263
1270
1271
1272
1273
1274
1275
1276
1277
1278
1279
1280
1281
1282
1283
1284
1285
1291
1292
1293
1294
1295
1296
1297
1298
1299
1300
1306
1313
1326
1327
1343
1344
1347
1364
1365
1367
1424
1430
1431
1432
1437
1442
1443
1444
1447
1451
1467
1468
1483
1484
1529
1530
1531
1532
1533
1534
1535
1536
1537
1538
1613
1614
1615
1616
1617
1618
1619
1620
1639
1640
1719
1720
1721
1722
1723
1724
1725
1726
1727
1728
1729
1730
1731
1732
1733
1734
1735
1736
1737
1738
1743
1744
1747
1748
1831
1832
1833
1834
1941
1942
1943
1944
1945
1946
1947
1948
1949
1950
1951
1952
1989
1990
1991
1992
1993
1994
2031
2032
2033
2034
2035
2036
2077
2078
2137
2138
2305
2306
2337
2338
2339
2340
2341
2342
2343
2344
2345
2346
2357
2358
2365
2366
2367
2368
2369
2370
2371
2372
2373
2374
2385
2386
2387
2388
2389
2390
2391
2392
2393
2394
2625
2626
2627
2628
2629
2630
2651
2652
2665
2666
2667
2668
2669
2670
2671
2672
2673
2674
2675
2676
2677
2678
2679
2680
2681
2682
2683
2684
2757
2758
2759
2760
2761
2762
2763
2764
2765
2766
2767
2768
2769
2770
2771
2772
2773
2774
2775
2776
2777
2778
2779
2780
2781
2782
2783
2784
3015
3016
3017
3018
3019
3020
3021
3022
3023
3024
3025
3026
3051
3052
3053
3054
3055
3056
3057
3058
3059
3060
3061
3062
3063
3064
3065
3066
3067
3068
3069
3070
3071
3072
3073
3074
3075
3076
3077
3078
3079
3080
3081
3082
3083
3084
3085
3086
3087
3088
3089
3090
3091
3092
3113
3114
3115
3116
3117
3118
3119
3120
3121
3122
3123
3124
3125
3126
3127
3128
3129
3130
3203
3204
3205
3206
3207
3208
3209
3210
3211
3212
3213
3214
3215
3216
3217
3218
3219
3220
3221
3222
3235
3236
3237
3238
3239
3240
3241
3242
3243
3244
3245
3246
3247
3248
3249
3250
3251
3252
3253
3254
3255
3256
3257
3258
3259
3260
3261
3262
3273
3274
3275
3276
3277
3278
3279
3280
3281
3282
3283
3284
3285
3286
3287
3288
3289
3290
130
-224
-531
672
692
695
697
994
-1019
1213
1215
-144
217
-629
-875
895
918
921
-1139
-1141
)


// ************************************************************************* //
