/*--------------------------------*- C++ -*----------------------------------*\
| =========                 |                                                 |
| \\      /  F ield         | OpenFOAM: The Open Source CFD Toolbox           |
|  \\    /   O peration     | Version:  2412                                  |
|   \\  /    A nd           | Website:  www.openfoam.com                      |
|    \\/     M anipulation  |                                                 |
\*---------------------------------------------------------------------------*/
FoamFile
{
    version     2.0;
    format      ascii;
    arch        "LSB;label=32;scalar=64";
    class       vectorField;
    location    "constant/polyMesh";
    object      points;
}
// * * * * * * * * * * * * * * * * * * * * * * * * * * * * * * * * * * * * * //


196
(
(41.07658768 18.82359314 0.9377383239)
(42.60269547 20.01735878 0.9377383239)
(43.98263931 21.39730263 0.9377383239)
(45.17641449 22.92341423 0.9377383239)
(46.17129898 24.57200813 0.9377383239)
(46.95920563 26.32352448 0.9377383239)
(47.53202057 28.15840149 0.9377383239)
(47.88165283 30.05708122 0.9377383239)
(56.53853607 11.46076012 0.9377383239)
(56.53857422 10.65918827 0.9377383239)
(56.53861237 9.777508736 0.9377383239)
(56.5386467 8.816184998 0.9377383239)
(61.95043945 20.73184776 0.9377383239)
(61.44937515 19.48063469 0.9377383239)
(60.92317581 18.30877113 0.9377383239)
(60.37921906 17.21418762 0.9377383239)
(59.82406998 16.19427872 0.9377383239)
(59.26364136 15.24607658 0.9377383239)
(58.70304871 14.36630058 0.9377383239)
(58.1467514 13.55148888 0.9377383239)
(57.59854126 12.79804993 0.9377383239)
(57.06159973 12.10235023 0.9377383239)
(47.10158094 22.88611594 0.9377383239)
(55.77503642 10.21831547 0.9377383239)
(58.22143667 15.29167606 0.9377383239)
(45.90117832 21.1265188 0.9377383239)
(48.08210995 24.76541913 0.9377383239)
(55.84437356 11.05994116 0.9377383239)
(55.70609875 9.296817134 0.9377383239)
(49.35114158 28.80495093 0.9377383239)
(57.71925242 14.44066233 0.9377383239)
(58.72268853 16.20552307 0.9377383239)
(44.48773382 19.51226428 0.9377383239)
(48.83466321 26.74489069 0.9377383239)
(60.616325 20.54017564 0.9377383239)
(42.87347294 18.09882785 0.9377383239)
(56.24443456 12.23454159 0.9377383239)
(57.22014906 13.64953331 0.9377383239)
(59.70326031 18.23255975 0.9377383239)
(59.21837749 17.18500637 0.9377383239)
(56.72757689 12.91520508 0.9377383239)
(60.17141187 19.35040491 0.9377383239)
(52.99581392 10.20297118 0.9377383239)
(52.05554813 18.21724642 0.9377383239)
(53.89417832 12.37959378 0.9377383239)
(54.38241026 10.75671567 0.9377383239)
(48.48616283 11.44569372 0.9377383239)
(56.2799474 23.87787991 0.9377383239)
(49.20878239 20.15931882 0.9377383239)
(55.05797428 16.58476245 0.9377383239)
(54.72340454 8.860110587 0.9377383239)
(55.14459888 13.52701847 0.9377383239)
(51.13266276 12.24565921 0.9377383239)
(46.56112878 15.51574869 0.9377383239)
(51.36473401 27.20534916 0.9377383239)
(58.29115667 22.00507845 0.9377383239)
(49.70719968 22.72207857 0.9377383239)
(46.99847312 18.73979058 0.9377383239)
(56.54524339 15.70712313 0.9377383239)
(56.84459338 18.91975982 0.9377383239)
(52.44062571 8.762065463 0.9377383239)
(54.88450001 9.821609063 0.9377383239)
(52.65362175 14.98654915 0.9377383239)
(56.16854473 13.82256 0.9377383239)
(49.09108933 14.22208273 0.9377383239)
(45.03417172 17.25965948 0.9377383239)
(53.96983461 27.2584468 0.9377383239)
(50.46023388 24.99409487 0.9377383239)
(58.95619974 20.4829045 0.9377383239)
(51.85123913 20.97524881 0.9377383239)
(49.41617042 17.4058298 0.9377383239)
(57.56800923 16.24447955 0.9377383239)
(54.39514416 18.94293865 0.9377383239)
(55.76445024 21.30796165 0.9377383239)
(53.20818911 16.75991882 0.9377383239)
(55.27980945 14.9801362 0.9377383239)
(56.8133293 14.45918602 0.9377383239)
(55.8695388 13.01244825 0.9377383239)
(50.97509314 14.12554275 0.9377383239)
(51.32697536 10.0185718 0.9377383239)
(55.31522945 25.69823127 0.9377383239)
(52.70530767 25.36637837 0.9377383239)
(58.91444481 19.21986738 0.9377383239)
(51.17487485 16.38350732 0.9377383239)
(48.35620022 15.90558961 0.9377383239)
(56.41822866 17.19088186 0.9377383239)
(58.17480077 17.09796244 0.9377383239)
(53.83285843 20.84740544 0.9377383239)
(54.94964845 12.48442501 0.9377383239)
(52.45700382 13.30320934 0.9377383239)
(49.73763405 10.24986466 0.9377383239)
(54.21176121 23.94762663 0.9377383239)
(51.91412903 23.24163916 0.9377383239)
(58.6166809 18.09951065 0.9377383239)
(54.35202194 13.13569606 0.9377383239)
(52.53604042 11.84624088 0.9377383239)
(54.24871481 14.34322867 0.9377383239)
(54.15826673 15.64273318 0.9377383239)
(41.07658768 18.82359314 -0.9377383239)
(42.60269547 20.01735878 -0.9377383239)
(43.98263931 21.39730263 -0.9377383239)
(45.17641449 22.92341423 -0.9377383239)
(46.17129898 24.57200813 -0.9377383239)
(46.95920563 26.32352448 -0.9377383239)
(47.53202057 28.15840149 -0.9377383239)
(47.88165283 30.05708122 -0.9377383239)
(56.53853607 11.46076012 -0.9377383239)
(56.53857422 10.65918827 -0.9377383239)
(56.53861237 9.777508736 -0.9377383239)
(56.5386467 8.816184998 -0.9377383239)
(61.95043945 20.73184776 -0.9377383239)
(61.44937515 19.48063469 -0.9377383239)
(60.92317581 18.30877113 -0.9377383239)
(60.37921906 17.21418762 -0.9377383239)
(59.82406998 16.19427872 -0.9377383239)
(59.26364136 15.24607658 -0.9377383239)
(58.70304871 14.36630058 -0.9377383239)
(58.1467514 13.55148888 -0.9377383239)
(57.59854126 12.79804993 -0.9377383239)
(57.06159973 12.10235023 -0.9377383239)
(47.10158094 22.88611594 -0.9377383239)
(55.77503642 10.21831547 -0.9377383239)
(58.22143667 15.29167606 -0.9377383239)
(45.90117832 21.1265188 -0.9377383239)
(48.08210995 24.76541913 -0.9377383239)
(55.84437356 11.05994116 -0.9377383239)
(55.70609875 9.296817134 -0.9377383239)
(49.35114158 28.80495093 -0.9377383239)
(57.71925242 14.44066233 -0.9377383239)
(58.72268853 16.20552307 -0.9377383239)
(44.48773382 19.51226428 -0.9377383239)
(48.83466321 26.74489069 -0.9377383239)
(60.616325 20.54017564 -0.9377383239)
(42.87347294 18.09882785 -0.9377383239)
(56.24443456 12.23454159 -0.9377383239)
(57.22014906 13.64953331 -0.9377383239)
(59.70326031 18.23255975 -0.9377383239)
(59.21837749 17.18500637 -0.9377383239)
(56.72757689 12.91520508 -0.9377383239)
(60.17141187 19.35040491 -0.9377383239)
(52.99581392 10.20297118 -0.9377383239)
(52.05554813 18.21724642 -0.9377383239)
(53.89417832 12.37959378 -0.9377383239)
(54.38241026 10.75671567 -0.9377383239)
(48.48616283 11.44569372 -0.9377383239)
(56.2799474 23.87787991 -0.9377383239)
(49.20878239 20.15931882 -0.9377383239)
(55.05797428 16.58476245 -0.9377383239)
(54.72340454 8.860110587 -0.9377383239)
(55.14459888 13.52701847 -0.9377383239)
(51.13266276 12.24565921 -0.9377383239)
(46.56112878 15.51574869 -0.9377383239)
(51.36473401 27.20534916 -0.9377383239)
(58.29115667 22.00507845 -0.9377383239)
(49.70719968 22.72207857 -0.9377383239)
(46.99847312 18.73979058 -0.9377383239)
(56.54524339 15.70712313 -0.9377383239)
(56.84459338 18.91975982 -0.9377383239)
(52.44062571 8.762065463 -0.9377383239)
(54.88450001 9.821609063 -0.9377383239)
(52.65362175 14.98654915 -0.9377383239)
(56.16854473 13.82256 -0.9377383239)
(49.09108933 14.22208273 -0.9377383239)
(45.03417172 17.25965948 -0.9377383239)
(53.96983461 27.2584468 -0.9377383239)
(50.46023388 24.99409487 -0.9377383239)
(58.95619974 20.4829045 -0.9377383239)
(51.85123913 20.97524881 -0.9377383239)
(49.41617042 17.4058298 -0.9377383239)
(57.56800923 16.24447955 -0.9377383239)
(54.39514416 18.94293865 -0.9377383239)
(55.76445024 21.30796165 -0.9377383239)
(53.20818911 16.75991882 -0.9377383239)
(55.27980945 14.9801362 -0.9377383239)
(56.8133293 14.45918602 -0.9377383239)
(55.8695388 13.01244825 -0.9377383239)
(50.97509314 14.12554275 -0.9377383239)
(51.32697536 10.0185718 -0.9377383239)
(55.31522945 25.69823127 -0.9377383239)
(52.70530767 25.36637837 -0.9377383239)
(58.91444481 19.21986738 -0.9377383239)
(51.17487485 16.38350732 -0.9377383239)
(48.35620022 15.90558961 -0.9377383239)
(56.41822866 17.19088186 -0.9377383239)
(58.17480077 17.09796244 -0.9377383239)
(53.83285843 20.84740544 -0.9377383239)
(54.94964845 12.48442501 -0.9377383239)
(52.45700382 13.30320934 -0.9377383239)
(49.73763405 10.24986466 -0.9377383239)
(54.21176121 23.94762663 -0.9377383239)
(51.91412903 23.24163916 -0.9377383239)
(58.6166809 18.09951065 -0.9377383239)
(54.35202194 13.13569606 -0.9377383239)
(52.53604042 11.84624088 -0.9377383239)
(54.24871481 14.34322867 -0.9377383239)
(54.15826673 15.64273318 -0.9377383239)
)


// ************************************************************************* //
