/*--------------------------------*- C++ -*----------------------------------*\
| =========                 |                                                 |
| \\      /  F ield         | OpenFOAM: The Open Source CFD Toolbox           |
|  \\    /   O peration     | Version:  2412                                  |
|   \\  /    A nd           | Website:  www.openfoam.com                      |
|    \\/     M anipulation  |                                                 |
\*---------------------------------------------------------------------------*/
FoamFile
{
    version     2.0;
    format      ascii;
    arch        "LSB;label=32;scalar=64";
    class       faceList;
    location    "constant/polyMesh";
    object      faces;
}
// * * * * * * * * * * * * * * * * * * * * * * * * * * * * * * * * * * * * * //


147
(
4(4 35 34 3)
4(4 2 33 35)
4(4 35 36 5)
4(6 2 33 37)
4(6 37 35 4)
4(6 1 32 37)
4(7 1 32 38)
4(7 38 37 6)
4(4 10 41 35)
4(6 37 41 10)
4(4 14 45 35)
4(10 41 45 14)
4(14 45 36 5)
4(15 6 37 46)
4(15 46 41 10)
4(7 38 46 15)
4(14 45 50 19)
4(13 8 39 44)
4(8 20 51 39)
4(21 52 46 15)
4(22 53 44 13)
4(22 8 39 53)
4(11 17 48 42)
4(12 25 56 43)
4(20 12 43 51)
4(26 12 43 57)
4(26 57 51 20)
4(26 57 50 19)
4(26 14 45 57)
4(20 51 58 27)
4(8 27 58 39)
4(26 57 58 27)
4(27 14 45 58)
4(27 10 41 58)
4(28 11 42 59)
4(28 59 52 21)
4(28 15 46 59)
4(15 23 54 46)
4(29 16 47 60)
4(29 60 54 23)
4(29 60 53 22)
4(29 8 39 60)
4(30 61 58 27)
4(30 10 41 61)
4(30 8 39 61)
4(30 61 60 29)
4(23 30 61 54)
4(15 30 61 46)
4(2 3 34 33)
4(1 2 33 32)
4(0 1 32 31)
3(4 3 2)
3(35 33 34)
3(4 5 3)
3(35 34 36)
3(6 4 2)
3(37 33 35)
3(6 2 1)
3(37 32 33)
3(7 6 1)
3(38 32 37)
3(7 1 0)
3(38 31 32)
3(6 10 4)
3(37 35 41)
3(10 14 4)
3(41 35 45)
3(14 5 4)
3(45 35 36)
3(15 10 6)
3(46 37 41)
3(7 15 6)
3(38 37 46)
3(14 19 5)
3(45 36 50)
3(13 20 8)
3(44 39 51)
3(21 15 7)
3(52 38 46)
3(22 13 8)
3(53 39 44)
3(13 22 9)
3(44 40 53)
3(24 17 11)
3(55 42 48)
3(20 25 12)
3(51 43 56)
3(25 18 12)
3(56 43 49)
3(26 20 12)
3(57 43 51)
3(26 19 14)
3(57 45 50)
3(19 26 12)
3(50 43 57)
3(20 27 8)
3(51 39 58)
3(26 27 20)
3(57 51 58)
3(27 26 14)
3(58 45 57)
3(27 14 10)
3(58 41 45)
3(28 21 11)
3(59 42 52)
3(17 28 11)
3(48 42 59)
3(28 23 15)
3(59 46 54)
3(21 28 15)
3(52 46 59)
3(29 23 16)
3(60 47 54)
3(29 22 8)
3(60 39 53)
3(22 29 16)
3(53 47 60)
3(30 27 10)
3(61 41 58)
3(30 29 8)
3(61 39 60)
3(27 30 8)
3(58 39 61)
3(29 30 23)
3(60 54 61)
3(23 30 15)
3(54 46 61)
3(15 30 10)
3(46 41 61)
4(13 44 51 20)
4(13 9 40 44)
4(18 25 56 49)
4(20 51 56 25)
4(16 23 54 47)
4(28 17 48 59)
4(23 28 59 54)
4(7 0 31 38)
4(11 21 52 42)
4(21 7 38 52)
4(9 22 53 40)
4(24 55 48 17)
4(24 11 42 55)
4(22 16 47 53)
4(3 5 36 34)
4(5 19 50 36)
4(12 43 50 19)
4(12 18 49 43)
)


// ************************************************************************* //
