/*--------------------------------*- C++ -*----------------------------------*\
| =========                 |                                                 |
| \\      /  F ield         | OpenFOAM: The Open Source CFD Toolbox           |
|  \\    /   O peration     | Version:  2412                                  |
|   \\  /    A nd           | Website:  www.openfoam.com                      |
|    \\/     M anipulation  |                                                 |
\*---------------------------------------------------------------------------*/
FoamFile
{
    version     2.0;
    format      ascii;
    arch        "LSB;label=32;scalar=64";
    class       faceList;
    location    "constant/polyMesh";
    object      faces;
}
// * * * * * * * * * * * * * * * * * * * * * * * * * * * * * * * * * * * * * //


141
(
4(9 1 29 37)
4(9 37 32 4)
4(3 31 37 9)
4(0 12 40 28)
4(2 30 40 12)
4(13 6 34 41)
4(13 41 38 10)
4(4 13 41 32)
4(9 37 41 13)
4(0 14 42 28)
4(12 40 42 14)
4(14 3 31 42)
4(14 42 37 9)
4(10 38 45 17)
4(8 17 45 36)
4(13 41 45 17)
4(17 45 42 14)
4(17 12 40 45)
4(9 17 45 37)
4(18 2 30 46)
4(18 46 40 12)
4(7 35 46 18)
4(21 49 39 11)
4(21 8 36 49)
4(21 49 44 16)
4(15 21 49 43)
4(22 50 45 17)
4(22 12 40 50)
4(8 22 50 36)
4(23 51 48 20)
4(23 19 47 51)
4(24 52 46 18)
4(24 7 35 52)
4(24 52 51 23)
4(18 23 51 46)
4(20 24 52 48)
4(5 24 52 33)
4(21 49 53 25)
4(15 25 53 43)
4(8 25 53 36)
4(22 50 53 25)
4(18 26 54 46)
4(23 51 54 26)
4(26 22 50 54)
4(26 54 53 25)
4(26 12 40 54)
4(27 55 51 23)
4(27 55 54 26)
4(25 27 55 53)
3(9 4 1)
3(37 29 32)
3(3 9 1)
3(31 29 37)
3(2 12 0)
3(30 28 40)
3(13 10 6)
3(41 34 38)
3(9 13 4)
3(37 32 41)
3(13 6 4)
3(41 32 34)
3(12 14 0)
3(40 28 42)
3(14 9 3)
3(42 31 37)
3(14 3 0)
3(42 28 31)
3(10 17 8)
3(38 36 45)
3(13 17 10)
3(41 38 45)
3(17 14 12)
3(45 40 42)
3(14 17 9)
3(42 37 45)
3(17 13 9)
3(45 37 41)
3(18 12 2)
3(46 30 40)
3(7 18 2)
3(35 30 46)
3(21 11 8)
3(49 36 39)
3(21 16 11)
3(49 39 44)
3(16 21 15)
3(44 43 49)
3(22 17 12)
3(50 40 45)
3(17 22 8)
3(45 36 50)
3(23 20 19)
3(51 47 48)
3(24 18 7)
3(52 35 46)
3(24 23 18)
3(52 46 51)
3(23 24 20)
3(51 48 52)
3(20 24 5)
3(48 33 52)
3(24 7 5)
3(52 33 35)
3(21 25 15)
3(49 43 53)
3(22 25 8)
3(50 36 53)
3(25 21 8)
3(53 36 49)
3(23 26 18)
3(51 46 54)
3(26 25 22)
3(54 50 53)
3(26 22 12)
3(54 40 50)
3(18 26 12)
3(46 40 54)
3(27 23 19)
3(55 47 51)
3(27 26 23)
3(55 51 54)
3(26 27 25)
3(54 53 55)
3(25 27 15)
3(53 43 55)
4(2 0 28 30)
4(3 1 29 31)
4(0 3 31 28)
4(5 7 35 33)
4(7 2 30 35)
4(20 5 33 48)
4(16 15 43 44)
4(20 48 47 19)
4(19 47 55 27)
4(15 27 55 43)
4(1 4 32 29)
4(4 6 34 32)
4(6 10 38 34)
4(11 16 44 39)
4(10 8 36 38)
4(8 11 39 36)
)


// ************************************************************************* //
