/*--------------------------------*- C++ -*----------------------------------*\
| =========                 |                                                 |
| \\      /  F ield         | OpenFOAM: The Open Source CFD Toolbox           |
|  \\    /   O peration     | Version:  2412                                  |
|   \\  /    A nd           | Website:  www.openfoam.com                      |
|    \\/     M anipulation  |                                                 |
\*---------------------------------------------------------------------------*/
FoamFile
{
    version     2.0;
    format      ascii;
    arch        "LSB;label=32;scalar=64";
    class       faceList;
    location    "constant/polyMesh";
    object      faces;
}
// * * * * * * * * * * * * * * * * * * * * * * * * * * * * * * * * * * * * * //


149
(
4(1 9 45 37)
4(14 6 42 50)
4(14 50 43 7)
4(15 51 45 9)
4(15 8 44 51)
4(2 16 52 38)
4(13 49 52 16)
4(16 52 39 3)
4(18 6 42 54)
4(18 5 41 54)
4(19 8 44 55)
4(7 19 55 43)
4(3 20 56 39)
4(16 52 56 20)
4(20 56 40 4)
4(21 11 47 57)
4(21 57 48 12)
4(22 11 47 58)
4(22 58 57 21)
4(4 23 59 40)
4(23 5 41 59)
4(21 57 60 24)
4(26 62 52 16)
4(28 24 60 64)
4(28 64 61 25)
4(28 21 57 64)
4(29 65 58 22)
4(16 31 67 52)
4(26 62 67 31)
4(32 25 61 68)
4(32 68 66 30)
4(32 68 64 28)
4(27 28 64 63)
4(32 27 63 68)
4(33 69 64 28)
4(33 21 57 69)
4(33 27 63 69)
4(33 69 65 29)
4(22 33 69 58)
4(34 70 67 31)
4(32 68 71 35)
4(0 36 45 9)
4(6 7 43 42)
4(8 9 45 44)
4(2 3 39 38)
4(5 6 42 41)
4(7 8 44 43)
4(3 4 40 39)
4(4 5 41 40)
4(0 1 37 36)
4(11 12 48 47)
4(10 11 47 46)
3(0 9 1)
3(36 37 45)
3(14 7 6)
3(50 42 43)
3(15 9 8)
3(51 44 45)
3(9 15 1)
3(45 37 51)
3(13 16 2)
3(49 38 52)
3(16 3 2)
3(52 38 39)
3(18 14 6)
3(54 42 50)
3(18 6 5)
3(54 41 42)
3(19 15 8)
3(55 44 51)
3(14 19 7)
3(50 43 55)
3(19 8 7)
3(55 43 44)
3(16 20 3)
3(52 39 56)
3(20 4 3)
3(56 39 40)
3(21 12 11)
3(57 47 48)
3(22 21 11)
3(58 47 57)
3(22 11 10)
3(58 46 47)
3(20 23 4)
3(56 40 59)
3(23 18 5)
3(59 41 54)
3(23 5 4)
3(59 40 41)
3(21 24 12)
3(57 48 60)
3(26 16 13)
3(62 49 52)
3(28 25 24)
3(64 60 61)
3(28 24 21)
3(64 57 60)
3(29 22 17)
3(65 53 58)
3(26 31 16)
3(62 52 67)
3(31 20 16)
3(67 52 56)
3(32 30 25)
3(68 61 66)
3(32 28 27)
3(68 63 64)
3(28 32 25)
3(64 61 68)
3(33 28 21)
3(69 57 64)
3(33 29 27)
3(69 63 65)
3(28 33 27)
3(64 63 69)
3(29 33 22)
3(65 58 69)
3(22 33 21)
3(58 57 69)
3(34 31 26)
3(70 62 67)
3(31 34 30)
3(67 66 70)
3(32 35 30)
3(68 66 71)
3(35 32 27)
3(71 63 68)
4(18 54 50 14)
4(19 55 51 15)
4(14 50 55 19)
4(20 56 59 23)
4(23 59 54 18)
4(31 67 56 20)
4(29 65 63 27)
4(31 30 66 67)
4(30 35 71 66)
4(27 63 71 35)
4(15 51 37 1)
4(10 46 58 22)
4(17 22 58 53)
4(17 53 65 29)
4(13 2 38 49)
4(12 24 60 48)
4(24 25 61 60)
4(13 49 62 26)
4(30 66 61 25)
4(34 26 62 70)
4(30 34 70 66)
)


// ************************************************************************* //
