/*--------------------------------*- C++ -*----------------------------------*\
| =========                 |                                                 |
| \\      /  F ield         | OpenFOAM: The Open Source CFD Toolbox           |
|  \\    /   O peration     | Version:  2412                                  |
|   \\  /    A nd           | Website:  www.openfoam.com                      |
|    \\/     M anipulation  |                                                 |
\*---------------------------------------------------------------------------*/
FoamFile
{
    version     2.0;
    format      ascii;
    arch        "LSB;label=32;scalar=64";
    class       vectorField;
    location    "constant/polyMesh";
    object      points;
}
// * * * * * * * * * * * * * * * * * * * * * * * * * * * * * * * * * * * * * //


72
(
(48 64 0.9377383239)
(50 64 0.9377383239)
(48 48 0.9377383239)
(48 50 0.9377383239)
(48 52 0.9377383239)
(48 54 0.9377383239)
(48 56 0.9377383239)
(48 58 0.9377383239)
(48 60 0.9377383239)
(48 62 0.9377383239)
(64 54.65910339 0.9377383239)
(64.00000763 52.70492935 0.9377383239)
(63.99998856 50.73545456 0.9377383239)
(49.73205081 47 0.9377383239)
(49.73205081 57 0.9377383239)
(51 62.26794919 0.9377383239)
(49.73205081 49 0.9377383239)
(62.32608028 55.6255502 0.9377383239)
(49.73205081 55 0.9377383239)
(49.73205081 59 0.9377383239)
(49.73205081 51 0.9377383239)
(62.29438289 51.72020847 0.9377383239)
(62.30763945 53.68200977 0.9377383239)
(49.73205081 53 0.9377383239)
(62.28658303 49.74619739 0.9377383239)
(58.60265634 48.76061776 0.9377383239)
(51.74537633 48 0.9377383239)
(58.45498911 52.727098 0.9377383239)
(60.04635023 50.74207012 0.9377383239)
(60.451122 54.67148261 0.9377383239)
(55.04826014 49.51405238 0.9377383239)
(51.48374957 50 0.9377383239)
(57.98983032 50.72379185 0.9377383239)
(60.54142264 52.6766265 0.9377383239)
(53.83207674 47.80751594 0.9377383239)
(55.65090325 51.54799576 0.9377383239)
(48 64 -0.9377383239)
(50 64 -0.9377383239)
(48 48 -0.9377383239)
(48 50 -0.9377383239)
(48 52 -0.9377383239)
(48 54 -0.9377383239)
(48 56 -0.9377383239)
(48 58 -0.9377383239)
(48 60 -0.9377383239)
(48 62 -0.9377383239)
(64 54.65910339 -0.9377383239)
(64.00000763 52.70492935 -0.9377383239)
(63.99998856 50.73545456 -0.9377383239)
(49.73205081 47 -0.9377383239)
(49.73205081 57 -0.9377383239)
(51 62.26794919 -0.9377383239)
(49.73205081 49 -0.9377383239)
(62.32608028 55.6255502 -0.9377383239)
(49.73205081 55 -0.9377383239)
(49.73205081 59 -0.9377383239)
(49.73205081 51 -0.9377383239)
(62.29438289 51.72020847 -0.9377383239)
(62.30763945 53.68200977 -0.9377383239)
(49.73205081 53 -0.9377383239)
(62.28658303 49.74619739 -0.9377383239)
(58.60265634 48.76061776 -0.9377383239)
(51.74537633 48 -0.9377383239)
(58.45498911 52.727098 -0.9377383239)
(60.04635023 50.74207012 -0.9377383239)
(60.451122 54.67148261 -0.9377383239)
(55.04826014 49.51405238 -0.9377383239)
(51.48374957 50 -0.9377383239)
(57.98983032 50.72379185 -0.9377383239)
(60.54142264 52.6766265 -0.9377383239)
(53.83207674 47.80751594 -0.9377383239)
(55.65090325 51.54799576 -0.9377383239)
)


// ************************************************************************* //
