/*--------------------------------*- C++ -*----------------------------------*\
| =========                 |                                                 |
| \\      /  F ield         | OpenFOAM: The Open Source CFD Toolbox           |
|  \\    /   O peration     | Version:  2412                                  |
|   \\  /    A nd           | Website:  www.openfoam.com                      |
|    \\/     M anipulation  |                                                 |
\*---------------------------------------------------------------------------*/
FoamFile
{
    version     2.0;
    format      ascii;
    arch        "LSB;label=32;scalar=64";
    class       faceList;
    location    "constant/polyMesh";
    object      faces;
}
// * * * * * * * * * * * * * * * * * * * * * * * * * * * * * * * * * * * * * //


146
(
4(5 1 31 35)
4(6 1 31 36)
4(6 36 35 5)
4(6 2 32 36)
4(7 37 33 3)
4(8 2 32 38)
4(8 38 36 6)
4(3 8 38 33)
4(7 37 38 8)
4(7 17 47 37)
4(13 43 47 17)
4(17 47 38 8)
4(13 10 40 43)
4(6 36 49 19)
4(20 50 44 14)
4(20 9 39 50)
4(10 20 50 40)
4(12 21 51 42)
4(16 12 42 46)
4(16 46 51 21)
4(22 6 36 52)
4(22 52 49 19)
4(8 22 52 38)
4(17 47 52 22)
4(21 51 54 24)
4(15 21 51 45)
4(25 55 46 16)
4(22 52 55 25)
4(26 16 46 56)
4(26 56 51 21)
4(26 56 50 20)
4(26 9 39 56)
4(20 16 46 50)
4(27 57 50 20)
4(27 16 46 57)
4(10 27 57 40)
4(27 57 43 13)
4(28 58 53 23)
4(28 11 41 58)
4(28 9 39 58)
4(28 58 56 26)
4(21 28 58 51)
4(15 28 58 45)
4(29 16 46 59)
4(29 59 57 27)
4(25 55 59 29)
4(13 29 59 43)
4(29 59 47 17)
4(29 22 52 59)
4(1 0 30 31)
4(2 1 31 32)
4(4 3 33 34)
4(3 2 32 33)
3(5 0 1)
3(35 31 30)
3(6 5 1)
3(36 31 35)
3(6 1 2)
3(36 32 31)
3(7 3 4)
3(37 34 33)
3(8 6 2)
3(38 32 36)
3(7 8 3)
3(37 33 38)
3(8 2 3)
3(38 33 32)
3(13 17 7)
3(43 37 47)
3(17 8 7)
3(47 37 38)
3(13 18 10)
3(43 40 48)
3(6 19 5)
3(36 35 49)
3(20 14 9)
3(50 39 44)
3(14 20 10)
3(44 40 50)
3(16 21 12)
3(46 42 51)
3(22 19 6)
3(52 36 49)
3(17 22 8)
3(47 38 52)
3(8 22 6)
3(38 36 52)
3(21 24 12)
3(51 42 54)
3(24 21 15)
3(54 45 51)
3(25 16 12)
3(55 42 46)
3(22 25 19)
3(52 49 55)
3(26 21 16)
3(56 46 51)
3(26 20 9)
3(56 39 50)
3(20 26 16)
3(50 46 56)
3(27 20 16)
3(57 46 50)
3(20 27 10)
3(50 40 57)
3(27 13 10)
3(57 40 43)
3(28 23 11)
3(58 41 53)
3(28 26 9)
3(58 39 56)
3(23 28 9)
3(53 39 58)
3(26 28 21)
3(56 51 58)
3(21 28 15)
3(51 45 58)
3(15 28 11)
3(45 41 58)
3(29 27 16)
3(59 46 57)
3(25 29 16)
3(55 46 59)
3(27 29 13)
3(57 43 59)
3(29 17 13)
3(59 43 47)
3(29 25 22)
3(59 52 55)
3(29 22 17)
3(59 47 52)
4(15 11 41 45)
4(14 44 39 9)
4(9 39 53 23)
4(23 53 41 11)
4(24 15 45 54)
4(4 34 37 7)
4(13 7 37 43)
4(18 13 43 48)
4(18 48 40 10)
4(14 10 40 44)
4(24 54 42 12)
4(5 35 30 0)
4(5 19 49 35)
4(25 12 42 55)
4(19 25 55 49)
)


// ************************************************************************* //
