/*--------------------------------*- C++ -*----------------------------------*\
| =========                 |                                                 |
| \\      /  F ield         | OpenFOAM: The Open Source CFD Toolbox           |
|  \\    /   O peration     | Version:  2412                                  |
|   \\  /    A nd           | Website:  www.openfoam.com                      |
|    \\/     M anipulation  |                                                 |
\*---------------------------------------------------------------------------*/
FoamFile
{
    version     2.0;
    format      ascii;
    arch        "LSB;label=32;scalar=64";
    class       faceList;
    location    "constant/polyMesh";
    object      faces;
}
// * * * * * * * * * * * * * * * * * * * * * * * * * * * * * * * * * * * * * //


141
(
4(5 1 29 33)
4(7 1 29 35)
4(7 35 33 5)
4(7 2 30 35)
4(8 36 31 3)
4(9 2 30 37)
4(9 37 35 7)
4(3 9 37 31)
4(8 36 37 9)
4(7 35 42 14)
4(5 14 42 33)
4(10 16 44 38)
4(12 10 38 40)
4(17 6 34 45)
4(17 45 36 8)
4(18 7 35 46)
4(18 46 42 14)
4(9 37 46 18)
4(19 47 42 14)
4(11 14 42 39)
4(21 49 45 17)
4(22 50 46 18)
4(22 9 37 50)
4(13 22 50 41)
4(18 13 41 46)
4(22 50 45 17)
4(13 17 45 41)
4(8 22 50 36)
4(23 11 39 51)
4(23 51 43 15)
4(14 42 51 23)
4(23 51 46 18)
4(23 13 41 51)
4(10 24 52 38)
4(25 12 40 53)
4(25 53 49 21)
4(25 10 38 53)
4(17 25 53 45)
4(13 25 53 41)
4(26 54 51 23)
4(26 13 41 54)
4(15 26 54 43)
4(26 54 53 25)
4(26 10 38 54)
4(24 52 55 27)
4(10 27 55 38)
4(27 20 48 55)
4(27 15 43 55)
4(27 55 54 26)
4(1 0 28 29)
4(2 1 29 30)
4(4 3 31 32)
4(3 2 30 31)
3(5 0 1)
3(33 29 28)
3(7 5 1)
3(35 29 33)
3(7 1 2)
3(35 30 29)
3(8 3 4)
3(36 32 31)
3(9 7 2)
3(37 30 35)
3(8 9 3)
3(36 31 37)
3(9 2 3)
3(37 31 30)
3(7 14 5)
3(35 33 42)
3(12 16 10)
3(40 38 44)
3(17 8 6)
3(45 34 36)
3(18 14 7)
3(46 35 42)
3(9 18 7)
3(37 35 46)
3(19 14 11)
3(47 39 42)
3(14 19 5)
3(42 33 47)
3(21 17 6)
3(49 34 45)
3(22 18 9)
3(50 37 46)
3(18 22 13)
3(46 41 50)
3(22 17 13)
3(50 41 45)
3(17 22 8)
3(45 36 50)
3(22 9 8)
3(50 36 37)
3(23 15 11)
3(51 39 43)
3(14 23 11)
3(42 39 51)
3(23 18 13)
3(51 41 46)
3(18 23 14)
3(46 42 51)
3(16 24 10)
3(44 38 52)
3(25 21 12)
3(53 40 49)
3(25 12 10)
3(53 38 40)
3(21 25 17)
3(49 45 53)
3(17 25 13)
3(45 41 53)
3(26 23 13)
3(54 41 51)
3(23 26 15)
3(51 43 54)
3(26 25 10)
3(54 38 53)
3(25 26 13)
3(53 41 54)
3(24 27 10)
3(52 38 55)
3(27 24 20)
3(55 48 52)
3(27 20 15)
3(55 43 48)
3(27 26 10)
3(55 38 54)
3(26 27 15)
3(54 43 55)
4(4 32 36 8)
4(6 8 36 34)
4(21 6 34 49)
4(5 33 28 0)
4(19 11 39 47)
4(5 19 47 33)
4(15 20 48 43)
4(15 43 39 11)
4(16 44 52 24)
4(20 24 52 48)
4(12 40 44 16)
4(12 21 49 40)
)


// ************************************************************************* //
