/*--------------------------------*- C++ -*----------------------------------*\
| =========                 |                                                 |
| \\      /  F ield         | OpenFOAM: The Open Source CFD Toolbox           |
|  \\    /   O peration     | Version:  2412                                  |
|   \\  /    A nd           | Website:  www.openfoam.com                      |
|    \\/     M anipulation  |                                                 |
\*---------------------------------------------------------------------------*/
FoamFile
{
    version     2.0;
    format      ascii;
    arch        "LSB;label=32;scalar=64";
    class       faceList;
    location    "constant/polyMesh";
    object      faces;
}
// * * * * * * * * * * * * * * * * * * * * * * * * * * * * * * * * * * * * * //


142
(
4(7 1 30 36)
4(7 36 31 2)
4(8 1 30 37)
4(8 37 36 7)
4(8 0 29 37)
4(2 9 38 31)
4(7 36 38 9)
4(9 38 32 3)
4(10 0 29 39)
4(10 39 37 8)
4(10 6 35 39)
4(3 11 40 32)
4(9 38 40 11)
4(5 13 42 34)
4(13 6 35 42)
4(13 42 39 10)
4(7 16 45 36)
4(8 37 45 16)
4(17 9 38 46)
4(14 17 46 43)
4(20 14 43 49)
4(7 21 50 36)
4(16 45 50 21)
4(21 9 38 50)
4(21 50 46 17)
4(14 21 50 43)
4(14 16 45 43)
4(23 52 51 22)
4(23 18 47 52)
4(13 23 52 42)
4(10 23 52 39)
4(24 14 43 53)
4(23 52 54 25)
4(10 25 54 39)
4(25 18 47 54)
4(8 25 54 37)
4(25 54 45 16)
4(15 25 54 44)
4(16 15 44 45)
4(27 15 44 56)
4(15 26 55 44)
4(27 56 54 25)
4(28 57 53 24)
4(28 14 43 57)
4(19 28 57 48)
4(28 57 55 26)
4(15 28 57 44)
4(28 57 45 16)
4(1 2 31 30)
4(0 1 30 29)
4(2 3 32 31)
4(3 4 33 32)
4(6 0 29 35)
4(5 6 35 34)
3(7 2 1)
3(36 30 31)
3(8 7 1)
3(37 30 36)
3(8 1 0)
3(37 29 30)
3(7 9 2)
3(36 31 38)
3(9 3 2)
3(38 31 32)
3(10 8 0)
3(39 29 37)
3(10 0 6)
3(39 35 29)
3(9 11 3)
3(38 32 40)
3(11 4 3)
3(40 32 33)
3(12 13 5)
3(41 34 42)
3(13 10 6)
3(42 35 39)
3(13 6 5)
3(42 34 35)
3(8 16 7)
3(37 36 45)
3(17 11 9)
3(46 38 40)
3(20 17 14)
3(49 43 46)
3(16 21 7)
3(45 36 50)
3(21 17 9)
3(50 38 46)
3(21 9 7)
3(50 36 38)
3(17 21 14)
3(46 43 50)
3(21 16 14)
3(50 43 45)
3(23 22 18)
3(52 47 51)
3(22 23 13)
3(51 42 52)
3(13 23 10)
3(42 39 52)
3(24 20 14)
3(53 43 49)
3(23 25 10)
3(52 39 54)
3(25 23 18)
3(54 47 52)
3(10 25 8)
3(39 37 54)
3(25 16 8)
3(54 37 45)
3(16 25 15)
3(45 44 54)
3(27 26 15)
3(56 44 55)
3(27 25 18)
3(56 47 54)
3(25 27 15)
3(54 44 56)
3(28 24 14)
3(57 43 53)
3(24 28 19)
3(53 48 57)
3(28 26 19)
3(57 48 55)
3(26 28 15)
3(55 44 57)
3(28 16 15)
3(57 44 45)
3(16 28 14)
3(45 43 57)
4(11 40 33 4)
4(17 46 40 11)
4(20 49 46 17)
4(24 53 49 20)
4(12 5 34 41)
4(12 41 42 13)
4(22 13 42 51)
4(22 51 47 18)
4(26 55 48 19)
4(19 48 53 24)
4(27 56 55 26)
4(27 18 47 56)
)


// ************************************************************************* //
