/*--------------------------------*- C++ -*----------------------------------*\
| =========                 |                                                 |
| \\      /  F ield         | OpenFOAM: The Open Source CFD Toolbox           |
|  \\    /   O peration     | Version:  2412                                  |
|   \\  /    A nd           | Website:  www.openfoam.com                      |
|    \\/     M anipulation  |                                                 |
\*---------------------------------------------------------------------------*/
FoamFile
{
    version     2.0;
    format      ascii;
    arch        "LSB;label=32;scalar=64";
    class       faceList;
    location    "constant/polyMesh";
    object      faces;
}
// * * * * * * * * * * * * * * * * * * * * * * * * * * * * * * * * * * * * * //


142
(
4(6 4 33 35)
4(7 4 33 36)
4(7 36 35 6)
4(7 3 32 36)
4(8 37 30 1)
4(9 3 32 38)
4(9 38 36 7)
4(9 2 31 38)
4(1 10 39 30)
4(8 37 39 10)
4(10 2 31 39)
4(10 39 38 9)
4(16 6 35 45)
4(16 45 42 13)
4(7 36 45 16)
4(9 17 46 38)
4(10 39 46 17)
4(19 11 40 48)
4(11 20 49 40)
4(21 50 46 17)
4(21 14 43 50)
4(17 46 51 22)
4(9 22 51 38)
4(22 51 50 21)
4(22 16 45 51)
4(16 21 50 45)
4(22 7 36 51)
4(23 10 39 52)
4(24 53 47 18)
4(14 18 47 43)
4(25 15 44 54)
4(15 18 47 44)
4(25 54 47 18)
4(25 12 41 54)
4(25 54 48 19)
4(25 11 40 54)
4(18 26 55 47)
4(16 27 56 45)
4(21 50 56 27)
4(13 27 56 42)
4(27 56 49 20)
4(11 27 56 40)
4(28 14 43 57)
4(28 57 50 21)
4(18 47 57 28)
4(28 57 56 27)
4(11 28 57 40)
4(28 57 54 25)
4(4 5 34 33)
4(3 4 33 32)
4(0 1 30 29)
4(2 3 32 31)
4(1 2 31 30)
3(6 5 4)
3(35 33 34)
3(7 6 4)
3(36 33 35)
3(7 4 3)
3(36 32 33)
3(8 1 0)
3(37 29 30)
3(9 7 3)
3(38 32 36)
3(9 3 2)
3(38 31 32)
3(8 10 1)
3(37 30 39)
3(10 9 2)
3(39 31 38)
3(10 2 1)
3(39 30 31)
3(16 13 6)
3(45 35 42)
3(7 16 6)
3(36 35 45)
3(10 17 9)
3(39 38 46)
3(19 20 11)
3(48 40 49)
3(21 17 14)
3(50 43 46)
3(17 22 9)
3(46 38 51)
3(22 21 16)
3(51 45 50)
3(21 22 17)
3(50 46 51)
3(22 16 7)
3(51 36 45)
3(9 22 7)
3(38 36 51)
3(23 17 10)
3(52 39 46)
3(23 10 8)
3(52 37 39)
3(24 18 14)
3(53 43 47)
3(25 18 15)
3(54 44 47)
3(25 15 12)
3(54 41 44)
3(25 19 11)
3(54 40 48)
3(19 25 12)
3(48 41 54)
3(24 26 18)
3(53 47 55)
3(18 26 15)
3(47 44 55)
3(21 27 16)
3(50 45 56)
3(16 27 13)
3(45 42 56)
3(27 20 13)
3(56 42 49)
3(20 27 11)
3(49 40 56)
3(28 21 14)
3(57 43 50)
3(18 28 14)
3(47 43 57)
3(28 27 21)
3(57 50 56)
3(27 28 11)
3(56 40 57)
3(28 25 11)
3(57 40 54)
3(25 28 18)
3(54 47 57)
4(12 15 44 41)
4(12 41 48 19)
4(15 26 55 44)
4(0 29 37 8)
4(14 17 46 43)
4(8 37 52 23)
4(23 52 46 17)
4(14 43 53 24)
4(26 24 53 55)
4(6 35 34 5)
4(13 42 35 6)
4(20 19 48 49)
4(13 20 49 42)
)


// ************************************************************************* //
