/*--------------------------------*- C++ -*----------------------------------*\
| =========                 |                                                 |
| \\      /  F ield         | OpenFOAM: The Open Source CFD Toolbox           |
|  \\    /   O peration     | Version:  2412                                  |
|   \\  /    A nd           | Website:  www.openfoam.com                      |
|    \\/     M anipulation  |                                                 |
\*---------------------------------------------------------------------------*/
FoamFile
{
    version     2.0;
    format      ascii;
    arch        "LSB;label=32;scalar=64";
    class       faceList;
    location    "constant/polyMesh";
    object      faces;
}
// * * * * * * * * * * * * * * * * * * * * * * * * * * * * * * * * * * * * * //


141
(
4(5 3 31 33)
4(6 3 31 34)
4(6 34 33 5)
4(6 2 30 34)
4(7 35 29 1)
4(7 0 28 35)
4(1 8 36 29)
4(7 35 36 8)
4(8 2 30 36)
4(8 36 34 6)
4(9 37 35 7)
4(16 5 33 44)
4(16 44 40 12)
4(6 34 44 16)
4(18 13 41 46)
4(13 17 45 41)
4(18 46 45 17)
4(15 13 41 43)
4(19 47 45 17)
4(10 17 45 38)
4(17 11 39 45)
4(11 19 47 39)
4(11 12 40 39)
4(20 11 39 48)
4(21 49 43 15)
4(21 13 41 49)
4(9 21 49 37)
4(7 21 49 35)
4(12 22 50 40)
4(16 44 50 22)
4(11 22 50 39)
4(22 50 45 17)
4(13 22 50 41)
4(23 51 50 22)
4(23 16 44 51)
4(13 23 51 41)
4(23 6 34 51)
4(8 36 51 23)
4(17 24 52 45)
4(7 25 53 35)
4(21 49 53 25)
4(25 8 36 53)
4(25 53 51 23)
4(13 25 53 41)
4(11 27 55 39)
4(19 47 55 27)
4(27 20 48 55)
4(27 55 54 26)
4(14 27 55 42)
4(3 4 32 31)
4(2 3 31 30)
4(0 1 29 28)
4(1 2 30 29)
3(5 4 3)
3(33 31 32)
3(6 5 3)
3(34 31 33)
3(6 3 2)
3(34 30 31)
3(7 1 0)
3(35 28 29)
3(7 8 1)
3(35 29 36)
3(8 6 2)
3(36 30 34)
3(8 2 1)
3(36 29 30)
3(9 7 0)
3(37 28 35)
3(16 12 5)
3(44 33 40)
3(6 16 5)
3(34 33 44)
3(18 17 13)
3(46 41 45)
3(15 18 13)
3(43 41 46)
3(19 17 10)
3(47 38 45)
3(17 19 11)
3(45 39 47)
3(20 12 11)
3(48 39 40)
3(21 15 13)
3(49 41 43)
3(15 21 9)
3(43 37 49)
3(9 21 7)
3(37 35 49)
3(16 22 12)
3(44 40 50)
3(12 22 11)
3(40 39 50)
3(22 17 11)
3(50 39 45)
3(17 22 13)
3(45 41 50)
3(23 22 16)
3(51 44 50)
3(22 23 13)
3(50 41 51)
3(23 16 6)
3(51 34 44)
3(8 23 6)
3(36 34 51)
3(18 24 17)
3(46 45 52)
3(17 24 10)
3(45 38 52)
3(21 25 7)
3(49 35 53)
3(25 23 8)
3(53 36 51)
3(25 8 7)
3(53 35 36)
3(23 25 13)
3(51 41 53)
3(25 21 13)
3(53 41 49)
3(19 27 11)
3(47 39 55)
3(27 26 20)
3(55 48 54)
3(27 20 11)
3(55 39 48)
3(26 27 14)
3(54 42 55)
3(27 19 14)
3(55 42 47)
4(18 46 52 24)
4(10 24 52 38)
4(9 0 28 37)
4(15 9 37 43)
4(18 15 43 46)
4(19 10 38 47)
4(19 47 42 14)
4(14 42 54 26)
4(5 33 32 4)
4(12 40 33 5)
4(20 48 40 12)
4(20 26 54 48)
)


// ************************************************************************* //
