/*--------------------------------*- C++ -*----------------------------------*\
| =========                 |                                                 |
| \\      /  F ield         | OpenFOAM: The Open Source CFD Toolbox           |
|  \\    /   O peration     | Version:  2412                                  |
|   \\  /    A nd           | Website:  www.openfoam.com                      |
|    \\/     M anipulation  |                                                 |
\*---------------------------------------------------------------------------*/
FoamFile
{
    version     2.0;
    format      ascii;
    arch        "LSB;label=32;scalar=64";
    class       faceList;
    location    "constant/polyMesh";
    object      faces;
}
// * * * * * * * * * * * * * * * * * * * * * * * * * * * * * * * * * * * * * //


146
(
4(9 1 31 39)
4(9 39 32 2)
4(11 1 31 41)
4(11 41 39 9)
4(11 0 30 41)
4(2 12 42 32)
4(9 39 42 12)
4(12 42 33 3)
4(5 13 43 35)
4(10 40 43 13)
4(13 43 36 6)
4(14 0 30 44)
4(14 44 41 11)
4(14 8 38 44)
4(3 15 45 33)
4(12 42 45 15)
4(6 16 46 36)
4(13 43 46 16)
4(16 46 37 7)
4(7 17 47 37)
4(16 46 47 17)
4(17 8 38 47)
4(17 47 44 14)
4(9 18 48 39)
4(11 41 48 18)
4(19 12 42 49)
4(21 51 43 13)
4(9 22 52 39)
4(22 12 42 52)
4(23 16 46 53)
4(23 53 47 17)
4(23 53 54 24)
4(23 20 50 53)
4(20 24 54 50)
4(13 25 55 43)
4(21 51 55 25)
4(25 16 46 55)
4(25 55 53 23)
4(25 55 54 24)
4(26 56 53 23)
4(26 20 50 56)
4(17 26 56 47)
4(14 26 56 44)
4(26 56 57 27)
4(14 27 57 44)
4(27 20 50 57)
4(11 27 57 41)
4(28 20 50 58)
4(29 20 50 59)
4(1 2 32 31)
4(0 1 31 30)
4(2 3 33 32)
4(3 4 34 33)
4(5 6 36 35)
4(8 0 30 38)
4(6 7 37 36)
4(7 8 38 37)
3(9 2 1)
3(39 31 32)
3(11 9 1)
3(41 31 39)
3(11 1 0)
3(41 30 31)
3(9 12 2)
3(39 32 42)
3(12 3 2)
3(42 32 33)
3(10 13 5)
3(40 35 43)
3(13 6 5)
3(43 35 36)
3(14 11 0)
3(44 30 41)
3(14 0 8)
3(44 38 30)
3(12 15 3)
3(42 33 45)
3(15 4 3)
3(45 33 34)
3(13 16 6)
3(43 36 46)
3(16 7 6)
3(46 36 37)
3(16 17 7)
3(46 37 47)
3(17 14 8)
3(47 38 44)
3(17 8 7)
3(47 37 38)
3(11 18 9)
3(41 39 48)
3(19 15 12)
3(49 42 45)
3(21 13 10)
3(51 40 43)
3(18 22 9)
3(48 39 52)
3(22 19 12)
3(52 42 49)
3(22 12 9)
3(52 39 42)
3(23 17 16)
3(53 46 47)
3(23 24 20)
3(53 50 54)
3(21 25 13)
3(51 43 55)
3(25 23 16)
3(55 46 53)
3(25 16 13)
3(55 43 46)
3(25 24 23)
3(55 53 54)
3(24 25 21)
3(54 51 55)
3(26 23 20)
3(56 50 53)
3(23 26 17)
3(53 47 56)
3(17 26 14)
3(47 44 56)
3(26 27 14)
3(56 44 57)
3(27 26 20)
3(57 50 56)
3(14 27 11)
3(44 41 57)
3(27 18 11)
3(57 41 48)
3(28 27 20)
3(58 50 57)
3(29 28 20)
3(59 50 58)
3(24 29 20)
3(54 50 59)
4(15 45 34 4)
4(19 49 45 15)
4(18 48 52 22)
4(22 52 49 19)
4(27 57 48 18)
4(28 58 57 27)
4(29 59 58 28)
4(10 5 35 40)
4(21 10 40 51)
4(24 21 51 54)
4(24 54 59 29)
)


// ************************************************************************* //
