/*--------------------------------*- C++ -*----------------------------------*\
| =========                 |                                                 |
| \\      /  F ield         | OpenFOAM: The Open Source CFD Toolbox           |
|  \\    /   O peration     | Version:  2412                                  |
|   \\  /    A nd           | Website:  www.openfoam.com                      |
|    \\/     M anipulation  |                                                 |
\*---------------------------------------------------------------------------*/
FoamFile
{
    version     2.0;
    format      ascii;
    arch        "LSB;label=32;scalar=64";
    class       faceList;
    location    "constant/polyMesh";
    object      faces;
}
// * * * * * * * * * * * * * * * * * * * * * * * * * * * * * * * * * * * * * //


141
(
4(7 35 33 5)
4(7 0 28 35)
4(4 8 36 32)
4(6 34 36 8)
4(8 36 31 3)
4(7 35 37 9)
4(10 0 28 38)
4(10 38 35 7)
4(10 1 29 38)
4(3 11 39 31)
4(8 36 39 11)
4(11 39 30 2)
4(2 12 40 30)
4(11 39 40 12)
4(12 1 29 40)
4(12 40 38 10)
4(17 11 39 45)
4(17 45 40 12)
4(13 15 43 41)
4(18 46 43 15)
4(20 11 39 48)
4(20 48 45 17)
4(20 8 36 48)
4(21 49 45 17)
4(15 17 45 43)
4(21 15 43 49)
4(12 21 49 40)
4(10 21 49 38)
4(22 50 44 16)
4(14 16 44 42)
4(17 45 51 23)
4(15 23 51 43)
4(20 48 51 23)
4(16 23 51 44)
4(16 20 48 44)
4(15 24 52 43)
4(24 7 35 52)
4(16 25 53 44)
4(19 16 44 47)
4(20 48 54 26)
4(16 26 54 44)
4(26 8 36 54)
4(26 6 34 54)
4(26 54 47 19)
4(27 55 52 24)
4(27 7 35 55)
4(15 27 55 43)
4(27 55 49 21)
4(10 27 55 38)
4(0 5 33 28)
4(4 3 31 32)
4(1 0 28 29)
4(3 2 30 31)
4(2 1 29 30)
3(7 5 0)
3(35 28 33)
3(6 8 4)
3(34 32 36)
3(8 3 4)
3(36 32 31)
3(7 9 5)
3(35 33 37)
3(10 7 0)
3(38 28 35)
3(10 0 1)
3(38 29 28)
3(8 11 3)
3(36 31 39)
3(11 2 3)
3(39 31 30)
3(11 12 2)
3(39 30 40)
3(12 10 1)
3(40 29 38)
3(12 1 2)
3(40 30 29)
3(17 12 11)
3(45 39 40)
3(18 15 13)
3(46 41 43)
3(20 17 11)
3(48 39 45)
3(20 11 8)
3(48 36 39)
3(21 17 15)
3(49 43 45)
3(17 21 12)
3(45 40 49)
3(12 21 10)
3(40 38 49)
3(22 16 14)
3(50 42 44)
3(17 23 15)
3(45 43 51)
3(20 23 17)
3(48 45 51)
3(22 23 16)
3(50 44 51)
3(23 20 16)
3(51 44 48)
3(15 23 13)
3(43 41 51)
3(18 24 15)
3(46 43 52)
3(24 9 7)
3(52 35 37)
3(19 25 16)
3(47 44 53)
3(16 25 14)
3(44 42 53)
3(20 26 16)
3(48 44 54)
3(26 20 8)
3(54 36 48)
3(26 8 6)
3(54 34 36)
3(26 19 16)
3(54 44 47)
3(19 26 6)
3(47 34 54)
3(27 24 7)
3(55 35 52)
3(24 27 15)
3(52 43 55)
3(27 21 15)
3(55 43 49)
3(21 27 10)
3(49 38 55)
3(10 27 7)
3(38 35 55)
4(6 4 32 34)
4(6 34 47 19)
4(25 53 42 14)
4(19 47 53 25)
4(14 42 50 22)
4(23 22 50 51)
4(13 23 51 41)
4(5 9 37 33)
4(18 13 41 46)
4(18 46 52 24)
4(24 52 37 9)
)


// ************************************************************************* //
