/*--------------------------------*- C++ -*----------------------------------*\
| =========                 |                                                 |
| \\      /  F ield         | OpenFOAM: The Open Source CFD Toolbox           |
|  \\    /   O peration     | Version:  2412                                  |
|   \\  /    A nd           | Website:  www.openfoam.com                      |
|    \\/     M anipulation  |                                                 |
\*---------------------------------------------------------------------------*/
FoamFile
{
    version     2.0;
    format      ascii;
    arch        "LSB;label=32;scalar=64";
    class       faceList;
    location    "constant/polyMesh";
    object      faces;
}
// * * * * * * * * * * * * * * * * * * * * * * * * * * * * * * * * * * * * * //


142
(
4(5 3 32 34)
4(5 34 33 4)
4(5 2 31 34)
4(6 2 31 35)
4(6 35 34 5)
4(6 1 30 35)
4(7 1 30 36)
4(7 36 35 6)
4(13 4 33 42)
4(13 42 38 9)
4(5 34 42 13)
4(6 14 43 35)
4(7 36 43 14)
4(19 48 46 17)
4(12 17 46 41)
4(19 12 41 48)
4(17 8 37 46)
4(8 19 48 37)
4(17 46 49 20)
4(21 50 43 14)
4(10 14 43 39)
4(21 10 39 50)
4(14 43 51 22)
4(6 22 51 35)
4(22 51 50 21)
4(22 13 42 51)
4(13 21 50 42)
4(22 5 34 51)
4(23 52 43 14)
4(24 8 37 53)
4(13 25 54 42)
4(21 50 54 25)
4(9 25 54 38)
4(25 54 48 19)
4(9 19 48 38)
4(8 25 54 37)
4(26 55 48 19)
4(27 56 44 15)
4(27 10 39 56)
4(27 11 40 56)
4(27 56 52 23)
4(14 27 56 43)
4(28 10 39 57)
4(28 57 50 21)
4(16 45 57 28)
4(28 57 54 25)
4(8 28 57 37)
4(28 57 53 24)
4(2 3 32 31)
4(1 2 31 30)
4(0 1 30 29)
3(5 4 3)
3(34 32 33)
3(5 3 2)
3(34 31 32)
3(6 5 2)
3(35 31 34)
3(6 2 1)
3(35 30 31)
3(7 6 1)
3(36 30 35)
3(7 1 0)
3(36 29 30)
3(13 9 4)
3(42 33 38)
3(5 13 4)
3(34 33 42)
3(7 14 6)
3(36 35 43)
3(19 17 12)
3(48 41 46)
3(17 19 8)
3(46 37 48)
3(17 20 12)
3(46 41 49)
3(18 20 17)
3(47 46 49)
3(21 14 10)
3(50 39 43)
3(14 22 6)
3(43 35 51)
3(22 21 13)
3(51 42 50)
3(21 22 14)
3(50 43 51)
3(22 13 5)
3(51 34 42)
3(6 22 5)
3(35 34 51)
3(23 14 7)
3(52 36 43)
3(24 17 8)
3(53 37 46)
3(21 25 13)
3(50 42 54)
3(13 25 9)
3(42 38 54)
3(25 19 9)
3(54 38 48)
3(19 25 8)
3(48 37 54)
3(26 19 12)
3(55 41 48)
3(19 26 9)
3(48 38 55)
3(27 15 10)
3(56 39 44)
3(27 23 11)
3(56 40 52)
3(15 27 11)
3(44 40 56)
3(23 27 14)
3(52 43 56)
3(14 27 10)
3(43 39 56)
3(28 21 10)
3(57 39 50)
3(16 28 10)
3(45 39 57)
3(28 25 21)
3(57 50 54)
3(25 28 8)
3(54 37 57)
3(28 24 8)
3(57 37 53)
3(24 28 16)
3(53 45 57)
4(18 17 46 47)
4(24 16 45 53)
4(24 53 46 17)
4(0 29 36 7)
4(15 11 40 44)
4(11 23 52 40)
4(23 7 36 52)
4(15 44 39 10)
4(10 39 45 16)
4(4 33 32 3)
4(9 38 33 4)
4(12 20 49 41)
4(20 18 47 49)
4(12 41 55 26)
4(9 26 55 38)
)


// ************************************************************************* //
