/*--------------------------------*- C++ -*----------------------------------*\
| =========                 |                                                 |
| \\      /  F ield         | OpenFOAM: The Open Source CFD Toolbox           |
|  \\    /   O peration     | Version:  2412                                  |
|   \\  /    A nd           | Website:  www.openfoam.com                      |
|    \\/     M anipulation  |                                                 |
\*---------------------------------------------------------------------------*/
FoamFile
{
    version     2.0;
    format      ascii;
    arch        "LSB;label=32;scalar=64";
    class       faceList;
    location    "constant/polyMesh";
    object      faces;
}
// * * * * * * * * * * * * * * * * * * * * * * * * * * * * * * * * * * * * * //


144
(
4(8 6 37 39)
4(13 44 42 11)
4(13 10 41 44)
4(14 45 32 1)
4(15 46 37 6)
4(15 5 36 46)
4(8 15 46 39)
4(15 46 40 9)
4(16 3 34 47)
4(16 47 35 4)
4(11 17 48 42)
4(13 44 48 17)
4(17 48 43 12)
4(1 18 49 32)
4(18 49 33 2)
4(19 10 41 50)
4(19 50 44 13)
4(9 19 50 40)
4(15 46 50 19)
4(2 20 51 33)
4(20 3 34 51)
4(20 51 47 16)
4(21 5 36 52)
4(21 52 46 15)
4(4 21 52 35)
4(16 47 52 21)
4(15 24 55 46)
4(21 52 55 24)
4(24 55 50 19)
4(16 25 56 47)
4(26 13 44 57)
4(26 57 48 17)
4(27 13 44 58)
4(27 58 57 26)
4(19 27 58 50)
4(24 55 58 27)
4(28 21 52 59)
4(28 59 55 24)
4(16 28 59 47)
4(25 56 59 28)
4(23 30 61 54)
4(26 57 61 30)
4(30 25 56 61)
4(30 61 59 28)
4(27 58 61 30)
4(24 30 61 55)
4(7 38 37 6)
4(0 1 32 31)
4(5 6 37 36)
4(3 4 35 34)
4(1 2 33 32)
4(2 3 34 33)
4(4 5 36 35)
4(7 8 39 38)
4(10 11 42 41)
4(8 9 40 39)
4(11 12 43 42)
4(9 10 41 40)
3(7 6 8)
3(38 39 37)
3(13 11 10)
3(44 41 42)
3(14 1 0)
3(45 31 32)
3(15 6 5)
3(46 36 37)
3(6 15 8)
3(37 39 46)
3(15 9 8)
3(46 39 40)
3(16 4 3)
3(47 34 35)
3(13 17 11)
3(44 42 48)
3(17 12 11)
3(48 42 43)
3(14 18 1)
3(45 32 49)
3(18 2 1)
3(49 32 33)
3(19 13 10)
3(50 41 44)
3(15 19 9)
3(46 40 50)
3(19 10 9)
3(50 40 41)
3(18 20 2)
3(49 33 51)
3(20 16 3)
3(51 34 47)
3(20 3 2)
3(51 33 34)
3(21 15 5)
3(52 36 46)
3(16 21 4)
3(47 35 52)
3(21 5 4)
3(52 35 36)
3(17 22 12)
3(48 43 53)
3(21 24 15)
3(52 46 55)
3(24 19 15)
3(55 46 50)
3(20 25 16)
3(51 47 56)
3(26 17 13)
3(57 44 48)
3(27 26 13)
3(58 44 57)
3(24 27 19)
3(55 50 58)
3(19 27 13)
3(50 44 58)
3(28 24 21)
3(59 52 55)
3(25 28 16)
3(56 47 59)
3(28 21 16)
3(59 47 52)
3(26 29 17)
3(57 48 60)
3(26 30 23)
3(57 54 61)
3(30 28 25)
3(61 56 59)
3(30 25 23)
3(61 54 56)
3(27 30 26)
3(58 57 61)
3(28 30 24)
3(59 55 61)
3(30 27 24)
3(61 55 58)
4(14 45 49 18)
4(18 49 51 20)
4(20 51 56 25)
4(26 57 60 29)
4(25 56 54 23)
4(23 54 57 26)
4(14 0 31 45)
4(12 22 53 43)
4(17 48 53 22)
4(17 29 60 48)
)


// ************************************************************************* //
