/*--------------------------------*- C++ -*----------------------------------*\
| =========                 |                                                 |
| \\      /  F ield         | OpenFOAM: The Open Source CFD Toolbox           |
|  \\    /   O peration     | Version:  2412                                  |
|   \\  /    A nd           | Website:  www.openfoam.com                      |
|    \\/     M anipulation  |                                                 |
\*---------------------------------------------------------------------------*/
FoamFile
{
    version     2.0;
    format      ascii;
    arch        "LSB;label=32;scalar=64";
    class       faceList;
    location    "constant/polyMesh";
    object      faces;
}
// * * * * * * * * * * * * * * * * * * * * * * * * * * * * * * * * * * * * * //


144
(
4(2 33 35 4)
4(13 44 33 2)
4(13 1 32 44)
4(4 13 44 35)
4(13 44 36 5)
4(14 45 42 11)
4(14 10 41 45)
4(15 46 39 8)
4(15 7 38 46)
4(16 1 32 47)
4(16 47 44 13)
4(5 17 48 36)
4(13 44 48 17)
4(17 48 37 6)
4(11 18 49 42)
4(14 45 49 18)
4(19 10 41 50)
4(19 50 45 14)
4(19 9 40 50)
4(20 9 40 51)
4(20 51 50 19)
4(8 20 51 39)
4(15 46 51 20)
4(6 21 52 37)
4(17 48 52 21)
4(21 7 38 52)
4(21 52 46 15)
4(22 13 44 53)
4(22 53 48 17)
4(23 54 51 20)
4(23 15 46 54)
4(17 24 55 48)
4(24 55 52 21)
4(25 14 45 56)
4(20 26 57 51)
4(23 54 57 26)
4(19 26 57 50)
4(27 15 46 58)
4(21 27 58 52)
4(28 14 45 59)
4(28 59 56 25)
4(19 28 59 50)
4(26 57 59 28)
4(29 26 57 60)
4(29 60 59 28)
4(28 30 61 59)
4(3 4 35 34)
4(4 5 36 35)
4(10 11 42 41)
4(7 8 39 38)
4(5 6 37 36)
4(11 12 43 42)
4(9 10 41 40)
4(8 9 40 39)
4(6 7 38 37)
4(2 3 34 33)
4(1 2 33 32)
4(0 1 32 31)
3(2 4 3)
3(33 34 35)
3(13 2 1)
3(44 32 33)
3(2 13 4)
3(33 35 44)
3(13 5 4)
3(44 35 36)
3(14 11 10)
3(45 41 42)
3(15 8 7)
3(46 38 39)
3(16 13 1)
3(47 32 44)
3(16 1 0)
3(47 31 32)
3(13 17 5)
3(44 36 48)
3(17 6 5)
3(48 36 37)
3(14 18 11)
3(45 42 49)
3(18 12 11)
3(49 42 43)
3(19 14 10)
3(50 41 45)
3(19 10 9)
3(50 40 41)
3(20 19 9)
3(51 40 50)
3(15 20 8)
3(46 39 51)
3(20 9 8)
3(51 39 40)
3(17 21 6)
3(48 37 52)
3(21 15 7)
3(52 38 46)
3(21 7 6)
3(52 37 38)
3(22 17 13)
3(53 44 48)
3(16 22 13)
3(47 44 53)
3(23 20 15)
3(54 46 51)
3(22 24 17)
3(53 48 55)
3(24 21 17)
3(55 48 52)
3(25 18 14)
3(56 45 49)
3(23 26 20)
3(54 51 57)
3(20 26 19)
3(51 50 57)
3(27 23 15)
3(58 46 54)
3(24 27 21)
3(55 52 58)
3(21 27 15)
3(52 46 58)
3(28 25 14)
3(59 45 56)
3(26 28 19)
3(57 50 59)
3(19 28 14)
3(50 45 59)
3(29 28 26)
3(60 57 59)
3(29 26 23)
3(60 54 57)
3(29 30 28)
3(60 59 61)
3(28 30 25)
3(59 56 61)
4(22 53 55 24)
4(27 58 54 23)
4(24 55 58 27)
4(23 54 60 29)
4(0 31 47 16)
4(16 47 53 22)
4(30 29 60 61)
4(18 49 43 12)
4(25 56 49 18)
4(25 30 61 56)
)


// ************************************************************************* //
