/*--------------------------------*- C++ -*----------------------------------*\
| =========                 |                                                 |
| \\      /  F ield         | OpenFOAM: The Open Source CFD Toolbox           |
|  \\    /   O peration     | Version:  2412                                  |
|   \\  /    A nd           | Website:  www.openfoam.com                      |
|    \\/     M anipulation  |                                                 |
\*---------------------------------------------------------------------------*/
FoamFile
{
    version     2.0;
    format      ascii;
    arch        "LSB;label=32;scalar=64";
    class       faceList;
    location    "constant/polyMesh";
    object      faces;
}
// * * * * * * * * * * * * * * * * * * * * * * * * * * * * * * * * * * * * * //


144
(
4(8 6 37 39)
4(12 43 42 11)
4(12 10 41 43)
4(13 44 32 1)
4(14 45 37 6)
4(14 5 36 45)
4(8 14 45 39)
4(14 45 40 9)
4(15 3 34 46)
4(15 46 35 4)
4(12 43 47 16)
4(1 18 49 32)
4(13 44 49 18)
4(18 49 33 2)
4(19 10 41 50)
4(19 50 43 12)
4(9 19 50 40)
4(14 45 50 19)
4(2 20 51 33)
4(18 49 51 20)
4(20 3 34 51)
4(20 51 46 15)
4(21 5 36 52)
4(21 52 45 14)
4(4 21 52 35)
4(15 46 52 21)
4(22 13 44 53)
4(22 53 49 18)
4(17 48 53 22)
4(14 23 54 45)
4(21 52 54 23)
4(23 54 50 19)
4(20 51 55 24)
4(15 24 55 46)
4(25 12 43 56)
4(26 20 51 57)
4(26 57 55 24)
4(18 26 57 49)
4(22 53 57 26)
4(27 58 53 22)
4(28 12 43 59)
4(19 28 59 50)
4(29 21 52 60)
4(15 29 60 46)
4(26 57 61 30)
4(22 30 61 53)
4(7 38 37 6)
4(0 1 32 31)
4(5 6 37 36)
4(3 4 35 34)
4(1 2 33 32)
4(2 3 34 33)
4(4 5 36 35)
4(7 8 39 38)
4(10 11 42 41)
4(8 9 40 39)
4(9 10 41 40)
3(7 6 8)
3(38 39 37)
3(12 11 10)
3(43 41 42)
3(13 1 0)
3(44 31 32)
3(14 6 5)
3(45 36 37)
3(6 14 8)
3(37 39 45)
3(14 9 8)
3(45 39 40)
3(15 4 3)
3(46 34 35)
3(12 16 11)
3(43 42 47)
3(13 18 1)
3(44 32 49)
3(18 2 1)
3(49 32 33)
3(19 12 10)
3(50 41 43)
3(14 19 9)
3(45 40 50)
3(19 10 9)
3(50 40 41)
3(18 20 2)
3(49 33 51)
3(20 15 3)
3(51 34 46)
3(20 3 2)
3(51 33 34)
3(21 14 5)
3(52 36 45)
3(15 21 4)
3(46 35 52)
3(21 5 4)
3(52 35 36)
3(22 18 13)
3(53 44 49)
3(17 22 13)
3(48 44 53)
3(21 23 14)
3(52 45 54)
3(23 19 14)
3(54 45 50)
3(20 24 15)
3(51 46 55)
3(25 16 12)
3(56 43 47)
3(26 24 20)
3(57 51 55)
3(22 26 18)
3(53 49 57)
3(26 20 18)
3(57 49 51)
3(27 22 17)
3(58 48 53)
3(28 25 12)
3(59 43 56)
3(23 28 19)
3(54 50 59)
3(19 28 12)
3(50 43 59)
3(29 23 21)
3(60 52 54)
3(24 29 15)
3(55 46 60)
3(29 21 15)
3(60 46 52)
3(26 30 24)
3(57 55 61)
3(27 30 22)
3(58 53 61)
3(30 26 22)
3(61 53 57)
4(13 0 31 44)
4(17 13 44 48)
4(27 17 48 58)
4(30 27 58 61)
4(11 16 47 42)
4(25 56 47 16)
4(28 59 56 25)
4(23 54 59 28)
4(29 60 54 23)
4(24 55 60 29)
4(24 30 61 55)
)


// ************************************************************************* //
