/*--------------------------------*- C++ -*----------------------------------*\
| =========                 |                                                 |
| \\      /  F ield         | OpenFOAM: The Open Source CFD Toolbox           |
|  \\    /   O peration     | Version:  2412                                  |
|   \\  /    A nd           | Website:  www.openfoam.com                      |
|    \\/     M anipulation  |                                                 |
\*---------------------------------------------------------------------------*/
FoamFile
{
    version     2.0;
    format      ascii;
    arch        "LSB;label=32;scalar=64";
    class       faceList;
    location    "constant/polyMesh";
    object      faces;
}
// * * * * * * * * * * * * * * * * * * * * * * * * * * * * * * * * * * * * * //


555
(
4(7 104 106 9)
4(1 20 117 98)
4(32 4 101 129)
4(32 129 102 5)
4(33 22 119 130)
4(33 130 118 21)
4(34 131 104 7)
4(34 6 103 131)
4(9 34 131 106)
4(34 131 107 10)
4(35 132 113 16)
4(35 15 112 132)
4(36 133 110 13)
4(36 12 109 133)
4(37 4 101 134)
4(37 134 129 32)
4(37 3 100 134)
4(38 6 103 135)
4(38 135 131 34)
4(5 38 135 102)
4(32 129 135 38)
4(40 137 127 30)
4(41 22 119 138)
4(41 138 130 33)
4(41 23 120 138)
4(42 1 98 139)
4(42 139 99 2)
4(42 20 117 139)
4(21 42 139 118)
4(33 130 139 42)
4(10 43 140 107)
4(34 131 140 43)
4(43 140 108 11)
4(16 44 141 113)
4(35 132 141 44)
4(44 141 114 17)
4(45 142 123 26)
4(45 27 124 142)
4(46 15 112 143)
4(46 143 132 35)
4(46 14 111 143)
4(47 14 111 144)
4(47 144 143 46)
4(13 47 144 110)
4(36 133 144 47)
4(11 48 145 108)
4(43 140 145 48)
4(48 12 109 145)
4(48 145 133 36)
4(2 49 146 99)
4(42 139 146 49)
4(49 3 100 146)
4(49 146 134 37)
4(50 19 116 147)
4(50 147 136 39)
4(50 18 115 147)
4(51 29 126 148)
4(51 148 125 28)
4(52 29 126 149)
4(52 149 148 51)
4(30 52 149 127)
4(40 137 149 52)
4(53 150 121 24)
4(53 25 122 150)
4(24 54 151 121)
4(53 150 151 54)
4(54 23 120 151)
4(54 151 138 41)
4(55 18 115 152)
4(55 152 147 50)
4(17 55 152 114)
4(44 141 152 55)
4(56 25 122 153)
4(56 153 150 53)
4(26 56 153 123)
4(45 142 153 56)
4(28 57 154 125)
4(51 148 154 57)
4(57 27 124 154)
4(57 154 142 45)
4(59 34 131 156)
4(59 156 140 43)
4(38 135 156 59)
4(61 42 139 158)
4(61 158 146 49)
4(61 33 130 158)
4(41 62 159 138)
4(54 151 159 62)
4(63 160 144 47)
4(63 36 133 160)
4(32 64 161 129)
4(37 134 161 64)
4(50 147 162 65)
4(43 66 163 140)
4(59 156 163 66)
4(66 163 145 48)
4(32 67 164 129)
4(64 161 164 67)
4(67 38 135 164)
4(67 164 156 59)
4(68 35 132 165)
4(68 165 141 44)
4(45 69 166 142)
4(57 154 166 69)
4(70 37 134 167)
4(70 167 161 64)
4(49 70 167 146)
4(61 158 167 70)
4(41 71 168 138)
4(62 159 168 71)
4(71 33 130 168)
4(71 168 158 61)
4(72 54 151 169)
4(72 169 159 62)
4(72 53 150 169)
4(47 73 170 144)
4(63 160 170 73)
4(46 73 170 143)
4(58 75 172 155)
4(64 161 172 75)
4(64 58 155 161)
4(75 172 159 62)
4(58 62 159 155)
4(70 167 172 75)
4(75 172 168 71)
4(61 75 172 158)
4(76 173 149 52)
4(77 50 147 174)
4(77 174 162 65)
4(55 152 174 77)
4(79 36 133 176)
4(79 176 160 63)
4(48 79 176 145)
4(66 163 176 79)
4(80 177 161 64)
4(80 58 155 177)
4(80 177 164 67)
4(59 80 177 156)
4(80 177 163 66)
4(80 177 176 79)
4(45 81 178 142)
4(69 166 178 81)
4(81 178 153 56)
4(82 57 154 179)
4(82 179 166 69)
4(82 51 148 179)
4(56 83 180 153)
4(81 178 180 83)
4(83 53 150 180)
4(83 180 169 72)
4(84 35 132 181)
4(84 181 165 68)
4(46 84 181 143)
4(73 170 181 84)
4(85 182 166 69)
4(60 69 166 157)
4(85 60 157 182)
4(85 182 178 81)
4(62 159 183 86)
4(58 86 183 155)
4(72 169 183 86)
4(87 184 183 86)
4(87 74 171 184)
4(74 86 183 171)
4(58 87 184 155)
4(88 51 148 185)
4(88 185 179 82)
4(52 88 185 149)
4(76 173 185 88)
4(44 89 186 141)
4(68 165 186 89)
4(89 55 152 186)
4(89 186 174 77)
4(69 166 187 90)
4(60 90 187 157)
4(82 179 187 90)
4(91 188 177 80)
4(91 58 155 188)
4(79 91 188 176)
4(63 91 188 160)
4(91 188 184 87)
4(63 87 184 160)
4(92 73 170 189)
4(92 189 181 84)
4(92 189 184 87)
4(92 74 171 189)
4(63 92 189 160)
4(85 74 171 182)
4(85 182 189 92)
4(93 190 182 85)
4(93 74 171 190)
4(81 93 190 178)
4(93 190 180 83)
4(86 183 190 93)
4(93 72 169 190)
4(94 191 186 89)
4(94 68 165 191)
4(77 94 191 174)
4(94 191 187 90)
4(78 90 187 175)
4(60 94 191 157)
4(90 187 192 95)
4(95 82 179 192)
4(88 185 192 95)
4(96 85 182 193)
4(96 193 189 92)
4(96 60 157 193)
4(84 96 193 181)
4(68 96 193 165)
4(96 193 191 94)
4(8 9 106 105)
4(20 0 97 117)
4(22 21 118 119)
4(9 10 107 106)
4(15 16 113 112)
4(12 13 110 109)
4(31 30 127 128)
4(23 22 119 120)
4(21 20 117 118)
4(10 11 108 107)
4(16 17 114 113)
4(27 26 123 124)
4(14 15 112 111)
4(13 14 111 110)
4(11 12 109 108)
4(18 19 116 115)
4(29 28 125 126)
4(30 29 126 127)
4(25 24 121 122)
4(24 23 120 121)
4(17 18 115 114)
4(26 25 122 123)
4(28 27 124 125)
4(7 8 105 104)
4(1 98 97 0)
4(4 5 102 101)
4(6 7 104 103)
4(3 4 101 100)
4(5 6 103 102)
4(1 2 99 98)
4(2 3 100 99)
3(7 9 8)
3(104 105 106)
3(1 0 20)
3(98 117 97)
3(32 5 4)
3(129 101 102)
3(33 21 22)
3(130 119 118)
3(34 7 6)
3(131 103 104)
3(7 34 9)
3(104 106 131)
3(34 10 9)
3(131 106 107)
3(35 16 15)
3(132 112 113)
3(36 13 12)
3(133 109 110)
3(37 32 4)
3(134 101 129)
3(37 4 3)
3(134 100 101)
3(38 34 6)
3(135 103 131)
3(32 38 5)
3(129 102 135)
3(38 6 5)
3(135 102 103)
3(40 30 31)
3(137 128 127)
3(41 33 22)
3(138 119 130)
3(41 22 23)
3(138 120 119)
3(42 2 1)
3(139 98 99)
3(42 1 20)
3(139 117 98)
3(33 42 21)
3(130 118 139)
3(42 20 21)
3(139 118 117)
3(34 43 10)
3(131 107 140)
3(43 11 10)
3(140 107 108)
3(35 44 16)
3(132 113 141)
3(44 17 16)
3(141 113 114)
3(45 26 27)
3(142 124 123)
3(46 35 15)
3(143 112 132)
3(46 15 14)
3(143 111 112)
3(47 46 14)
3(144 111 143)
3(36 47 13)
3(133 110 144)
3(47 14 13)
3(144 110 111)
3(43 48 11)
3(140 108 145)
3(48 36 12)
3(145 109 133)
3(48 12 11)
3(145 108 109)
3(42 49 2)
3(139 99 146)
3(49 37 3)
3(146 100 134)
3(49 3 2)
3(146 99 100)
3(50 39 19)
3(147 116 136)
3(50 19 18)
3(147 115 116)
3(51 28 29)
3(148 126 125)
3(52 51 29)
3(149 126 148)
3(40 52 30)
3(137 127 149)
3(52 29 30)
3(149 127 126)
3(53 24 25)
3(150 122 121)
3(53 54 24)
3(150 121 151)
3(54 41 23)
3(151 120 138)
3(54 23 24)
3(151 121 120)
3(55 50 18)
3(152 115 147)
3(44 55 17)
3(141 114 152)
3(55 18 17)
3(152 114 115)
3(56 53 25)
3(153 122 150)
3(45 56 26)
3(142 123 153)
3(56 25 26)
3(153 123 122)
3(51 57 28)
3(148 125 154)
3(57 45 27)
3(154 124 142)
3(57 27 28)
3(154 125 124)
3(59 43 34)
3(156 131 140)
3(38 59 34)
3(135 131 156)
3(61 49 42)
3(158 139 146)
3(61 42 33)
3(158 130 139)
3(54 62 41)
3(151 138 159)
3(63 47 36)
3(160 133 144)
3(37 64 32)
3(134 129 161)
3(50 65 39)
3(147 136 162)
3(59 66 43)
3(156 140 163)
3(66 48 43)
3(163 140 145)
3(64 67 32)
3(161 129 164)
3(67 59 38)
3(164 135 156)
3(67 38 32)
3(164 129 135)
3(68 44 35)
3(165 132 141)
3(57 69 45)
3(154 142 166)
3(70 64 37)
3(167 134 161)
3(61 70 49)
3(158 146 167)
3(49 70 37)
3(146 134 167)
3(62 71 41)
3(159 138 168)
3(71 61 33)
3(168 130 158)
3(41 71 33)
3(138 130 168)
3(72 62 54)
3(169 151 159)
3(72 54 53)
3(169 150 151)
3(63 73 47)
3(160 144 170)
3(47 73 46)
3(144 143 170)
3(64 75 58)
3(161 155 172)
3(75 62 58)
3(172 155 159)
3(70 75 64)
3(167 161 172)
3(75 71 62)
3(172 159 168)
3(71 75 61)
3(168 158 172)
3(75 70 61)
3(172 158 167)
3(76 52 40)
3(173 137 149)
3(77 65 50)
3(174 147 162)
3(55 77 50)
3(152 147 174)
3(79 63 36)
3(176 133 160)
3(66 79 48)
3(163 145 176)
3(48 79 36)
3(145 133 176)
3(80 64 58)
3(177 155 161)
3(80 67 64)
3(177 161 164)
3(67 80 59)
3(164 156 177)
3(80 66 59)
3(177 156 163)
3(80 79 66)
3(177 163 176)
3(69 81 45)
3(166 142 178)
3(81 56 45)
3(178 142 153)
3(82 69 57)
3(179 154 166)
3(82 57 51)
3(179 148 154)
3(81 83 56)
3(178 153 180)
3(83 72 53)
3(180 150 169)
3(56 83 53)
3(153 150 180)
3(84 68 35)
3(181 132 165)
3(73 84 46)
3(170 143 181)
3(46 84 35)
3(143 132 181)
3(85 69 60)
3(182 157 166)
3(85 81 69)
3(182 166 178)
3(62 86 58)
3(159 155 183)
3(72 86 62)
3(169 159 183)
3(87 86 74)
3(184 171 183)
3(86 87 58)
3(183 155 184)
3(88 82 51)
3(185 148 179)
3(76 88 52)
3(173 149 185)
3(52 88 51)
3(149 148 185)
3(68 89 44)
3(165 141 186)
3(89 77 55)
3(186 152 174)
3(89 55 44)
3(186 141 152)
3(69 90 60)
3(166 157 187)
3(82 90 69)
3(179 166 187)
3(91 80 58)
3(188 155 177)
3(80 91 79)
3(177 176 188)
3(79 91 63)
3(176 160 188)
3(91 87 63)
3(188 160 184)
3(87 91 58)
3(184 155 188)
3(92 84 73)
3(189 170 181)
3(92 87 74)
3(189 171 184)
3(87 92 63)
3(184 160 189)
3(92 73 63)
3(189 160 170)
3(85 92 74)
3(182 171 189)
3(93 85 74)
3(190 171 182)
3(85 93 81)
3(182 178 190)
3(93 83 81)
3(190 178 180)
3(86 93 74)
3(183 171 190)
3(93 86 72)
3(190 169 183)
3(83 93 72)
3(180 169 190)
3(94 89 68)
3(191 165 186)
3(89 94 77)
3(186 174 191)
3(77 94 65)
3(174 162 191)
3(94 90 78)
3(191 175 187)
3(90 94 60)
3(187 157 191)
3(90 95 78)
3(187 175 192)
3(95 90 82)
3(192 179 187)
3(88 95 82)
3(185 179 192)
3(95 88 76)
3(192 173 185)
3(96 92 85)
3(193 182 189)
3(96 85 60)
3(193 157 182)
3(92 96 84)
3(189 181 193)
3(84 96 68)
3(181 165 193)
3(96 94 68)
3(193 165 191)
3(94 96 60)
3(191 157 193)
4(39 136 116 19)
4(31 128 137 40)
4(39 65 162 136)
4(40 137 173 76)
4(78 175 191 94)
4(94 191 162 65)
4(78 95 192 175)
4(76 173 192 95)
)


// ************************************************************************* //
