/*--------------------------------*- C++ -*----------------------------------*\
| =========                 |                                                 |
| \\      /  F ield         | OpenFOAM: The Open Source CFD Toolbox           |
|  \\    /   O peration     | Version:  2412                                  |
|   \\  /    A nd           | Website:  www.openfoam.com                      |
|    \\/     M anipulation  |                                                 |
\*---------------------------------------------------------------------------*/
FoamFile
{
    version     2.0;
    format      ascii;
    arch        "LSB;label=32;scalar=64";
    class       labelList;
    location    "constant/polyMesh";
    object      faceProcAddressing;
}
// * * * * * * * * * * * * * * * * * * * * * * * * * * * * * * * * * * * * * //


555
(
1
4
11
12
31
32
37
38
39
40
59
60
77
78
79
80
81
82
83
84
85
106
147
148
149
150
151
152
153
154
165
166
167
196
197
198
199
200
201
202
203
229
230
231
232
233
234
235
236
237
238
239
240
270
271
272
273
274
275
276
277
278
314
315
316
317
318
319
348
349
350
351
352
353
354
355
356
357
358
359
439
440
441
445
446
447
457
458
459
460
461
462
475
487
488
489
490
491
492
493
502
503
504
505
508
509
510
511
512
513
514
515
547
548
549
550
551
552
553
554
555
556
557
558
559
560
597
601
602
603
639
640
641
642
643
644
645
646
647
648
649
650
651
652
653
654
731
732
733
734
735
736
737
738
739
740
741
742
743
744
745
746
747
748
749
821
822
823
824
832
833
834
835
847
848
849
898
899
900
901
902
903
1051
1052
1053
1054
1055
1056
1057
1058
1059
1060
1061
1062
1063
1113
1114
1115
1119
1120
1121
1122
1124
1125
1235
1236
1237
1238
1239
1240
1301
1304
1316
1319
1325
1331
1337
1348
1349
1353
1361
1362
1363
1369
1370
1376
1377
1378
1382
1383
1391
1392
1393
1401
1402
1403
1404
1405
1406
1407
1408
1455
1456
1461
1462
1471
1472
1491
1492
1497
1498
1499
1500
1501
1502
1527
1528
1549
1550
1551
1552
1553
1554
1555
1556
1557
1558
1559
1560
1585
1586
1641
1642
1643
1644
1645
1646
1647
1648
1649
1650
1651
1652
1667
1668
1669
1670
1709
1710
1711
1712
1713
1714
1715
1716
1717
1718
1753
1754
1755
1756
1757
1758
1759
1760
1761
1762
1763
1764
1765
1766
1767
1768
1769
1770
1811
1812
1813
1814
1815
1816
1817
1818
1819
1820
1821
1822
1871
1872
1873
1874
1875
1876
1877
1878
1923
1924
1925
1926
1927
1928
1929
1930
1931
1932
1933
1934
1935
1936
1937
1938
1939
1940
2059
2060
2061
2062
2067
2068
2069
2070
2081
2082
2083
2084
2085
2086
2099
2100
2111
2112
2113
2114
2115
2116
2117
2118
2119
2120
2133
2134
2135
2136
2139
2140
2141
2142
2143
2144
2145
2146
2147
2148
2149
2150
2191
2192
2193
2194
2195
2196
2197
2198
2199
2200
2201
2202
2203
2204
2205
2206
2207
2208
2209
2210
2257
2258
2263
2264
2265
2266
2313
2314
2315
2316
2317
2318
2319
2320
2321
2322
2323
2324
2325
2326
2327
2328
2329
2330
2331
2332
2333
2334
2335
2336
2433
2434
2435
2436
2437
2438
2439
2440
2441
2442
2443
2444
2445
2446
2447
2448
2449
2450
2451
2452
2453
2454
2455
2456
2545
2546
2547
2548
2549
2550
2559
2560
2561
2562
2563
2564
2577
2578
2579
2580
2655
2656
2657
2658
2659
2660
2661
2662
2663
2664
2865
2866
2867
2868
2869
2870
2871
2872
2873
2874
2875
2876
2877
2878
2879
2880
2881
2882
2883
2884
2885
2886
2969
2970
2971
2972
2977
2978
2979
2980
2981
2982
2983
2984
2985
2986
2987
2988
2993
2994
3167
3168
3169
3170
3171
3172
3173
3174
3175
3176
3177
3178
-103
-104
476
-595
-1117
-1118
1123
-1127
)


// ************************************************************************* //
