/*--------------------------------*- C++ -*----------------------------------*\
| =========                 |                                                 |
| \\      /  F ield         | OpenFOAM: The Open Source CFD Toolbox           |
|  \\    /   O peration     | Version:  2412                                  |
|   \\  /    A nd           | Website:  www.openfoam.com                      |
|    \\/     M anipulation  |                                                 |
\*---------------------------------------------------------------------------*/
FoamFile
{
    version     2.0;
    format      ascii;
    arch        "LSB;label=32;scalar=64";
    class       vectorField;
    location    "constant/polyMesh";
    object      points;
}
// * * * * * * * * * * * * * * * * * * * * * * * * * * * * * * * * * * * * * //


194
(
(0 0 0.9377383239)
(0 2 0.9377383239)
(0 4 0.9377383239)
(0 6 0.9377383239)
(0 8 0.9377383239)
(0 10 0.9377383239)
(0 12 0.9377383239)
(0 14 0.9377383239)
(0 16 0.9377383239)
(2 16 0.9377383239)
(4 16 0.9377383239)
(6 16 0.9377383239)
(8 16 0.9377383239)
(10 16 0.9377383239)
(12 16 0.9377383239)
(14 16 0.9377383239)
(16 16 0.9377383239)
(18 16 0.9377383239)
(20 16 0.9377383239)
(22 16 0.9377383239)
(2 0 0.9377383239)
(4 0 0.9377383239)
(6 0 0.9377383239)
(8 0 0.9377383239)
(10 0 0.9377383239)
(12 0 0.9377383239)
(14 0 0.9377383239)
(16 0 0.9377383239)
(18 0 0.9377383239)
(20 0 0.9377383239)
(22 0 0.9377383239)
(24 0 0.9377383239)
(1.732050808 9 0.9377383239)
(5 1.732050808 0.9377383239)
(3 14.26794919 0.9377383239)
(15 14.26794919 0.9377383239)
(9 14.26794919 0.9377383239)
(1.732050808 7 0.9377383239)
(1.732050808 11 0.9377383239)
(23 14.26794919 0.9377383239)
(23 1.732050808 0.9377383239)
(7 1.732050808 0.9377383239)
(1.732050808 3 0.9377383239)
(5 14.26794919 0.9377383239)
(17 14.26794919 0.9377383239)
(15 1.732050808 0.9377383239)
(13 14.26794919 0.9377383239)
(11 14.26794919 0.9377383239)
(7 14.26794919 0.9377383239)
(1.732050808 5 0.9377383239)
(21 14.26794919 0.9377383239)
(19 1.732050808 0.9377383239)
(21 1.732050808 0.9377383239)
(11 1.732050808 0.9377383239)
(9 1.732050808 0.9377383239)
(19 14.26794919 0.9377383239)
(13 1.732050808 0.9377383239)
(17 1.732050808 0.9377383239)
(8 8 0.9377383239)
(4 12 0.9377383239)
(16 8 0.9377383239)
(4 4 0.9377383239)
(8 4.786254496 0.9377383239)
(10 10.89466187 0.9377383239)
(4.786254496 8 0.9377383239)
(22 10.89466187 0.9377383239)
(6 12.47258412 0.9377383239)
(3.527415882 10 0.9377383239)
(16 11.2137455 0.9377383239)
(16 4.786254496 0.9377383239)
(3.527415882 6 0.9377383239)
(6 3.527415882 0.9377383239)
(10 3.750279031 0.9377383239)
(12 12.13663544 0.9377383239)
(12 7.37454998 0.9377383239)
(6.393127248 6.393127248 0.9377383239)
(22 3.750279031 0.9377383239)
(20 12.13663544 0.9377383239)
(20 7.37454998 0.9377383239)
(8.202370283 12.19662744 0.9377383239)
(6.393127248 9.964917509 0.9377383239)
(14 3.750279031 0.9377383239)
(18 3.750279031 0.9377383239)
(12 3.484391073 0.9377383239)
(14.14338909 12.29666908 0.9377383239)
(14.20235618 6.393127248 0.9377383239)
(9.965934026 6.133048428 0.9377383239)
(10.15087219 8.652162281 0.9377383239)
(20 3.484391073 0.9377383239)
(17.85661091 12.29666908 0.9377383239)
(17.79764382 6.393127248 0.9377383239)
(8.33059005 9.909844335 0.9377383239)
(13.25544668 9.755592708 0.9377383239)
(12.45307679 5.429470527 0.9377383239)
(18.74455332 9.755592708 0.9377383239)
(19.54692321 5.429470527 0.9377383239)
(15.09408747 9.606872752 0.9377383239)
(0 0 -0.9377383239)
(0 2 -0.9377383239)
(0 4 -0.9377383239)
(0 6 -0.9377383239)
(0 8 -0.9377383239)
(0 10 -0.9377383239)
(0 12 -0.9377383239)
(0 14 -0.9377383239)
(0 16 -0.9377383239)
(2 16 -0.9377383239)
(4 16 -0.9377383239)
(6 16 -0.9377383239)
(8 16 -0.9377383239)
(10 16 -0.9377383239)
(12 16 -0.9377383239)
(14 16 -0.9377383239)
(16 16 -0.9377383239)
(18 16 -0.9377383239)
(20 16 -0.9377383239)
(22 16 -0.9377383239)
(2 0 -0.9377383239)
(4 0 -0.9377383239)
(6 0 -0.9377383239)
(8 0 -0.9377383239)
(10 0 -0.9377383239)
(12 0 -0.9377383239)
(14 0 -0.9377383239)
(16 0 -0.9377383239)
(18 0 -0.9377383239)
(20 0 -0.9377383239)
(22 0 -0.9377383239)
(24 0 -0.9377383239)
(1.732050808 9 -0.9377383239)
(5 1.732050808 -0.9377383239)
(3 14.26794919 -0.9377383239)
(15 14.26794919 -0.9377383239)
(9 14.26794919 -0.9377383239)
(1.732050808 7 -0.9377383239)
(1.732050808 11 -0.9377383239)
(23 14.26794919 -0.9377383239)
(23 1.732050808 -0.9377383239)
(7 1.732050808 -0.9377383239)
(1.732050808 3 -0.9377383239)
(5 14.26794919 -0.9377383239)
(17 14.26794919 -0.9377383239)
(15 1.732050808 -0.9377383239)
(13 14.26794919 -0.9377383239)
(11 14.26794919 -0.9377383239)
(7 14.26794919 -0.9377383239)
(1.732050808 5 -0.9377383239)
(21 14.26794919 -0.9377383239)
(19 1.732050808 -0.9377383239)
(21 1.732050808 -0.9377383239)
(11 1.732050808 -0.9377383239)
(9 1.732050808 -0.9377383239)
(19 14.26794919 -0.9377383239)
(13 1.732050808 -0.9377383239)
(17 1.732050808 -0.9377383239)
(8 8 -0.9377383239)
(4 12 -0.9377383239)
(16 8 -0.9377383239)
(4 4 -0.9377383239)
(8 4.786254496 -0.9377383239)
(10 10.89466187 -0.9377383239)
(4.786254496 8 -0.9377383239)
(22 10.89466187 -0.9377383239)
(6 12.47258412 -0.9377383239)
(3.527415882 10 -0.9377383239)
(16 11.2137455 -0.9377383239)
(16 4.786254496 -0.9377383239)
(3.527415882 6 -0.9377383239)
(6 3.527415882 -0.9377383239)
(10 3.750279031 -0.9377383239)
(12 12.13663544 -0.9377383239)
(12 7.37454998 -0.9377383239)
(6.393127248 6.393127248 -0.9377383239)
(22 3.750279031 -0.9377383239)
(20 12.13663544 -0.9377383239)
(20 7.37454998 -0.9377383239)
(8.202370283 12.19662744 -0.9377383239)
(6.393127248 9.964917509 -0.9377383239)
(14 3.750279031 -0.9377383239)
(18 3.750279031 -0.9377383239)
(12 3.484391073 -0.9377383239)
(14.14338909 12.29666908 -0.9377383239)
(14.20235618 6.393127248 -0.9377383239)
(9.965934026 6.133048428 -0.9377383239)
(10.15087219 8.652162281 -0.9377383239)
(20 3.484391073 -0.9377383239)
(17.85661091 12.29666908 -0.9377383239)
(17.79764382 6.393127248 -0.9377383239)
(8.33059005 9.909844335 -0.9377383239)
(13.25544668 9.755592708 -0.9377383239)
(12.45307679 5.429470527 -0.9377383239)
(18.74455332 9.755592708 -0.9377383239)
(19.54692321 5.429470527 -0.9377383239)
(15.09408747 9.606872752 -0.9377383239)
)


// ************************************************************************* //
