/*--------------------------------*- C++ -*----------------------------------*\
| =========                 |                                                 |
| \\      /  F ield         | OpenFOAM: The Open Source CFD Toolbox           |
|  \\    /   O peration     | Version:  2412                                  |
|   \\  /    A nd           | Website:  www.openfoam.com                      |
|    \\/     M anipulation  |                                                 |
\*---------------------------------------------------------------------------*/
FoamFile
{
    version     2.0;
    format      ascii;
    arch        "LSB;label=32;scalar=64";
    class       faceList;
    location    "constant/polyMesh";
    object      faces;
}
// * * * * * * * * * * * * * * * * * * * * * * * * * * * * * * * * * * * * * //


148
(
4(3 35 37 5)
4(1 17 49 33)
4(18 6 38 50)
4(18 50 39 7)
4(20 13 45 52)
4(20 52 46 14)
4(21 53 49 17)
4(21 16 48 53)
4(1 21 53 33)
4(21 53 34 2)
4(3 35 54 22)
4(5 22 54 37)
4(2 22 54 34)
4(21 53 54 22)
4(22 6 38 54)
4(22 54 50 18)
4(7 23 55 39)
4(18 50 55 23)
4(23 55 40 8)
4(26 13 45 58)
4(26 58 52 20)
4(26 12 44 58)
4(14 27 59 46)
4(20 52 59 27)
4(27 59 47 15)
4(28 60 59 27)
4(28 20 52 60)
4(23 28 60 55)
4(27 23 55 59)
4(8 28 60 40)
4(28 60 41 9)
4(29 23 55 61)
4(29 61 59 27)
4(29 18 50 61)
4(15 29 61 47)
4(29 61 48 16)
4(29 61 53 21)
4(29 61 54 22)
4(30 62 60 28)
4(30 20 52 62)
4(9 30 62 41)
4(30 62 58 26)
4(24 26 58 56)
4(31 19 51 63)
4(31 12 44 63)
4(31 63 58 26)
4(24 31 63 56)
4(4 5 37 36)
4(0 32 49 17)
4(6 7 39 38)
4(13 14 46 45)
4(16 17 49 48)
4(5 6 38 37)
4(7 8 40 39)
4(12 13 45 44)
4(14 15 47 46)
4(8 9 41 40)
4(15 16 48 47)
4(9 10 42 41)
4(11 12 44 43)
4(3 4 36 35)
4(0 1 33 32)
4(1 2 34 33)
4(2 3 35 34)
3(3 5 4)
3(35 36 37)
3(0 17 1)
3(32 33 49)
3(18 7 6)
3(50 38 39)
3(20 14 13)
3(52 45 46)
3(21 17 16)
3(53 48 49)
3(17 21 1)
3(49 33 53)
3(21 2 1)
3(53 33 34)
3(3 22 5)
3(35 37 54)
3(21 22 2)
3(53 34 54)
3(22 3 2)
3(54 34 35)
3(22 18 6)
3(54 38 50)
3(22 6 5)
3(54 37 38)
3(18 23 7)
3(50 39 55)
3(23 8 7)
3(55 39 40)
3(26 20 13)
3(58 45 52)
3(26 13 12)
3(58 44 45)
3(20 27 14)
3(52 46 59)
3(27 15 14)
3(59 46 47)
3(28 27 20)
3(60 52 59)
3(27 28 23)
3(59 55 60)
3(23 28 8)
3(55 40 60)
3(28 9 8)
3(60 40 41)
3(29 27 23)
3(61 55 59)
3(29 23 18)
3(61 50 55)
3(27 29 15)
3(59 47 61)
3(29 16 15)
3(61 47 48)
3(29 21 16)
3(61 48 53)
3(29 22 21)
3(61 53 54)
3(22 29 18)
3(54 50 61)
3(30 28 20)
3(62 52 60)
3(28 30 9)
3(60 41 62)
3(30 10 9)
3(62 41 42)
3(30 26 24)
3(62 56 58)
3(26 30 20)
3(58 52 62)
3(31 25 19)
3(63 51 57)
3(31 26 12)
3(63 44 58)
3(31 12 11)
3(63 43 44)
3(26 31 24)
3(58 56 63)
3(24 31 19)
3(56 51 63)
4(24 19 51 56)
4(19 25 57 51)
4(30 62 42 10)
4(30 24 56 62)
4(31 63 57 25)
4(11 43 63 31)
)


// ************************************************************************* //
