/*--------------------------------*- C++ -*----------------------------------*\
| =========                 |                                                 |
| \\      /  F ield         | OpenFOAM: The Open Source CFD Toolbox           |
|  \\    /   O peration     | Version:  2412                                  |
|   \\  /    A nd           | Website:  www.openfoam.com                      |
|    \\/     M anipulation  |                                                 |
\*---------------------------------------------------------------------------*/
FoamFile
{
    version     2.0;
    format      ascii;
    arch        "LSB;label=32;scalar=64";
    class       faceList;
    location    "constant/polyMesh";
    object      faces;
}
// * * * * * * * * * * * * * * * * * * * * * * * * * * * * * * * * * * * * * //


146
(
4(5 35 31 1)
4(5 2 32 35)
4(1 6 36 31)
4(5 35 36 6)
4(7 2 32 37)
4(7 37 35 5)
4(7 3 33 37)
4(8 3 33 38)
4(8 38 37 7)
4(11 41 36 6)
4(11 5 35 41)
4(11 41 46 16)
4(17 5 35 47)
4(17 47 41 11)
4(7 37 47 17)
4(17 47 51 21)
4(14 21 51 44)
4(17 14 44 47)
4(21 7 37 51)
4(8 38 51 21)
4(21 51 50 20)
4(14 20 50 44)
4(22 52 49 19)
4(13 19 49 43)
4(9 22 52 39)
4(19 9 39 49)
4(23 53 41 11)
4(23 9 39 53)
4(9 11 41 39)
4(24 9 39 54)
4(24 54 52 22)
4(13 25 55 43)
4(19 49 55 25)
4(25 55 48 18)
4(15 25 55 45)
4(11 27 57 41)
4(17 47 57 27)
4(27 9 39 57)
4(27 57 49 19)
4(14 27 57 44)
4(19 14 44 49)
4(21 51 58 28)
4(20 50 59 29)
4(14 29 59 44)
4(29 59 56 26)
4(29 15 45 59)
4(10 29 59 40)
4(25 55 59 29)
4(29 19 49 59)
4(2 1 31 32)
4(1 0 30 31)
4(3 2 32 33)
4(4 3 33 34)
3(5 1 2)
3(35 32 31)
3(5 6 1)
3(35 31 36)
3(6 0 1)
3(36 31 30)
3(7 5 2)
3(37 32 35)
3(7 2 3)
3(37 33 32)
3(8 7 3)
3(38 33 37)
3(8 3 4)
3(38 34 33)
3(11 6 5)
3(41 35 36)
3(11 16 6)
3(41 36 46)
3(17 11 5)
3(47 35 41)
3(7 17 5)
3(37 35 47)
3(17 21 14)
3(47 44 51)
3(21 17 7)
3(51 37 47)
3(8 21 7)
3(38 37 51)
3(21 20 14)
3(51 44 50)
3(22 19 13)
3(52 43 49)
3(19 22 9)
3(49 39 52)
3(23 11 9)
3(53 39 41)
3(23 16 11)
3(53 41 46)
3(24 23 9)
3(54 39 53)
3(24 22 12)
3(54 42 52)
3(22 24 9)
3(52 39 54)
3(19 25 13)
3(49 43 55)
3(25 18 13)
3(55 43 48)
3(18 25 15)
3(48 45 55)
3(17 27 11)
3(47 41 57)
3(27 19 9)
3(57 39 49)
3(11 27 9)
3(41 39 57)
3(19 27 14)
3(49 44 57)
3(27 17 14)
3(57 44 47)
3(21 28 20)
3(51 50 58)
3(28 21 8)
3(58 38 51)
3(20 29 14)
3(50 44 59)
3(29 26 15)
3(59 45 56)
3(26 29 10)
3(56 40 59)
3(29 20 10)
3(59 40 50)
3(25 29 15)
3(55 45 59)
3(29 25 19)
3(59 49 55)
3(29 19 14)
3(59 44 49)
4(23 53 46 16)
4(24 54 53 23)
4(24 12 42 54)
4(6 36 30 0)
4(6 16 46 36)
4(18 15 45 48)
4(13 18 48 43)
4(13 43 52 22)
4(22 52 42 12)
4(26 56 45 15)
4(10 40 56 26)
4(4 34 38 8)
4(20 50 40 10)
4(20 28 58 50)
4(28 8 38 58)
)


// ************************************************************************* //
