/*--------------------------------*- C++ -*----------------------------------*\
| =========                 |                                                 |
| \\      /  F ield         | OpenFOAM: The Open Source CFD Toolbox           |
|  \\    /   O peration     | Version:  2412                                  |
|   \\  /    A nd           | Website:  www.openfoam.com                      |
|    \\/     M anipulation  |                                                 |
\*---------------------------------------------------------------------------*/
FoamFile
{
    version     2.0;
    format      ascii;
    arch        "LSB;label=32;scalar=64";
    class       faceList;
    location    "constant/polyMesh";
    object      faces;
}
// * * * * * * * * * * * * * * * * * * * * * * * * * * * * * * * * * * * * * //


142
(
4(8 37 34 5)
4(8 4 33 37)
4(5 9 38 34)
4(8 37 38 9)
4(9 38 35 6)
4(10 4 33 39)
4(10 39 37 8)
4(10 3 32 39)
4(6 12 41 35)
4(9 38 41 12)
4(13 42 31 2)
4(13 1 30 42)
4(2 14 43 31)
4(13 42 43 14)
4(14 3 32 43)
4(14 43 39 10)
4(0 16 45 29)
4(11 40 45 16)
4(16 1 30 45)
4(16 45 42 13)
4(17 8 37 46)
4(17 46 38 9)
4(19 12 41 48)
4(20 49 45 16)
4(21 8 37 50)
4(21 50 46 17)
4(10 39 50 21)
4(23 18 47 52)
4(18 22 51 47)
4(20 18 47 49)
4(9 24 53 38)
4(24 12 41 53)
4(25 54 49 20)
4(25 18 47 54)
4(16 25 54 45)
4(13 25 54 42)
4(21 50 55 26)
4(18 26 55 47)
4(27 56 55 26)
4(27 21 50 56)
4(18 27 56 47)
4(27 10 39 56)
4(14 43 56 27)
4(13 28 57 42)
4(25 54 57 28)
4(28 14 43 57)
4(28 57 56 27)
4(18 28 57 47)
4(4 5 34 33)
4(5 6 35 34)
4(3 4 33 32)
4(6 7 36 35)
4(1 2 31 30)
4(2 3 32 31)
4(0 1 30 29)
3(8 5 4)
3(37 33 34)
3(8 9 5)
3(37 34 38)
3(9 6 5)
3(38 34 35)
3(10 8 4)
3(39 33 37)
3(10 4 3)
3(39 32 33)
3(9 12 6)
3(38 35 41)
3(12 7 6)
3(41 35 36)
3(13 2 1)
3(42 30 31)
3(13 14 2)
3(42 31 43)
3(14 10 3)
3(43 32 39)
3(14 3 2)
3(43 31 32)
3(11 16 0)
3(40 29 45)
3(16 13 1)
3(45 30 42)
3(16 1 0)
3(45 29 30)
3(17 9 8)
3(46 37 38)
3(19 15 12)
3(48 41 44)
3(20 16 11)
3(49 40 45)
3(21 17 8)
3(50 37 46)
3(10 21 8)
3(39 37 50)
3(23 22 18)
3(52 47 51)
3(20 23 18)
3(49 47 52)
3(17 24 9)
3(46 38 53)
3(24 19 12)
3(53 41 48)
3(24 12 9)
3(53 38 41)
3(25 20 18)
3(54 47 49)
3(20 25 16)
3(49 45 54)
3(16 25 13)
3(45 42 54)
3(21 26 17)
3(50 46 55)
3(22 26 18)
3(51 47 55)
3(27 26 21)
3(56 50 55)
3(26 27 18)
3(55 47 56)
3(27 21 10)
3(56 39 50)
3(14 27 10)
3(43 39 56)
3(25 28 13)
3(54 42 57)
3(28 27 14)
3(57 43 56)
3(28 14 13)
3(57 42 43)
3(27 28 18)
3(56 47 57)
3(28 25 18)
3(57 47 54)
4(17 46 53 24)
4(24 53 48 19)
4(17 26 55 46)
4(26 22 51 55)
4(12 41 36 7)
4(12 15 44 41)
4(19 48 44 15)
4(23 52 51 22)
4(11 0 29 40)
4(20 11 40 49)
4(23 20 49 52)
)


// ************************************************************************* //
