/*--------------------------------*- C++ -*----------------------------------*\
| =========                 |                                                 |
| \\      /  F ield         | OpenFOAM: The Open Source CFD Toolbox           |
|  \\    /   O peration     | Version:  2412                                  |
|   \\  /    A nd           | Website:  www.openfoam.com                      |
|    \\/     M anipulation  |                                                 |
\*---------------------------------------------------------------------------*/
FoamFile
{
    version     2.0;
    format      ascii;
    arch        "LSB;label=32;scalar=64";
    class       faceList;
    location    "constant/polyMesh";
    object      faces;
}
// * * * * * * * * * * * * * * * * * * * * * * * * * * * * * * * * * * * * * //


145
(
4(7 39 35 3)
4(7 2 34 39)
4(3 11 43 35)
4(7 39 43 11)
4(11 43 36 4)
4(12 2 34 44)
4(12 44 39 7)
4(12 1 33 44)
4(13 6 38 45)
4(13 45 40 8)
4(13 5 37 45)
4(14 1 33 46)
4(14 46 44 12)
4(0 14 46 32)
4(9 41 46 14)
4(16 5 37 48)
4(16 48 45 13)
4(4 16 48 36)
4(11 43 48 16)
4(12 44 50 18)
4(7 18 50 39)
4(19 11 43 51)
4(19 51 48 16)
4(15 47 53 21)
4(13 45 54 22)
4(23 12 44 55)
4(23 55 50 18)
4(14 46 55 23)
4(24 11 43 56)
4(24 56 51 19)
4(7 24 56 39)
4(18 50 56 24)
4(25 13 45 57)
4(16 25 57 48)
4(26 58 53 21)
4(9 27 59 41)
4(20 52 59 27)
4(27 14 46 59)
4(27 59 55 23)
4(24 56 60 28)
4(21 53 61 29)
4(30 62 59 27)
4(30 20 52 62)
4(23 30 62 55)
4(31 63 62 30)
4(2 3 35 34)
4(3 4 36 35)
4(1 2 34 33)
4(5 6 38 37)
4(0 1 33 32)
4(4 5 37 36)
3(7 3 2)
3(39 34 35)
3(7 11 3)
3(39 35 43)
3(11 4 3)
3(43 35 36)
3(12 7 2)
3(44 34 39)
3(12 2 1)
3(44 33 34)
3(13 8 6)
3(45 38 40)
3(13 6 5)
3(45 37 38)
3(14 12 1)
3(46 33 44)
3(9 14 0)
3(41 32 46)
3(14 1 0)
3(46 32 33)
3(16 13 5)
3(48 37 45)
3(11 16 4)
3(43 36 48)
3(16 5 4)
3(48 36 37)
3(12 18 7)
3(44 39 50)
3(19 16 11)
3(51 43 48)
3(15 21 10)
3(47 42 53)
3(13 22 8)
3(45 40 54)
3(23 18 12)
3(55 44 50)
3(14 23 12)
3(46 44 55)
3(24 19 11)
3(56 43 51)
3(18 24 7)
3(50 39 56)
3(24 11 7)
3(56 39 43)
3(25 22 13)
3(57 45 54)
3(19 25 16)
3(51 48 57)
3(16 25 13)
3(48 45 57)
3(26 21 15)
3(58 47 53)
3(20 27 9)
3(52 41 59)
3(27 23 14)
3(59 46 55)
3(27 14 9)
3(59 41 46)
3(24 28 19)
3(56 51 60)
3(28 24 18)
3(60 50 56)
3(21 29 17)
3(53 49 61)
3(26 29 21)
3(58 53 61)
3(30 27 20)
3(62 52 59)
3(27 30 23)
3(59 55 62)
3(23 30 18)
3(55 50 62)
3(31 30 20)
3(63 52 62)
3(30 31 17)
3(62 49 63)
4(9 0 32 41)
4(20 9 41 52)
4(20 52 63 31)
4(15 10 42 47)
4(10 21 53 42)
4(17 49 53 21)
4(31 63 49 17)
4(26 15 47 58)
4(28 18 50 60)
4(17 29 61 49)
4(26 58 61 29)
4(30 62 50 18)
4(17 49 62 30)
4(25 57 54 22)
4(19 51 57 25)
4(19 28 60 51)
4(8 40 38 6)
4(8 22 54 40)
)


// ************************************************************************* //
