/*--------------------------------*- C++ -*----------------------------------*\
| =========                 |                                                 |
| \\      /  F ield         | OpenFOAM: The Open Source CFD Toolbox           |
|  \\    /   O peration     | Version:  2412                                  |
|   \\  /    A nd           | Website:  www.openfoam.com                      |
|    \\/     M anipulation  |                                                 |
\*---------------------------------------------------------------------------*/
FoamFile
{
    version     2.0;
    format      ascii;
    arch        "LSB;label=32;scalar=64";
    class       faceList;
    location    "constant/polyMesh";
    object      faces;
}
// * * * * * * * * * * * * * * * * * * * * * * * * * * * * * * * * * * * * * //


144
(
4(4 2 33 35)
4(4 35 34 3)
4(4 1 32 35)
4(5 1 32 36)
4(5 36 35 4)
4(14 3 34 45)
4(14 45 41 10)
4(4 35 45 14)
4(6 11 42 37)
4(15 6 37 46)
4(6 16 47 37)
4(6 9 40 37)
4(4 19 50 35)
4(19 50 45 14)
4(14 13 44 45)
4(14 45 51 20)
4(22 53 49 18)
4(22 12 43 53)
4(23 6 37 54)
4(7 24 55 38)
4(20 51 55 24)
4(24 55 53 22)
4(24 17 48 55)
4(17 22 53 48)
4(18 24 55 49)
4(24 55 52 21)
4(13 25 56 44)
4(18 49 56 25)
4(25 14 45 56)
4(25 56 51 20)
4(25 56 55 24)
4(8 26 57 39)
4(9 8 39 40)
4(27 58 53 22)
4(27 12 43 58)
4(17 27 58 48)
4(28 8 39 59)
4(8 27 58 39)
4(28 59 58 27)
4(29 60 54 23)
4(29 6 37 60)
4(12 29 60 43)
4(29 60 58 27)
4(8 29 60 39)
4(29 60 40 9)
4(27 30 61 58)
4(1 2 33 32)
4(0 1 32 31)
3(4 3 2)
3(35 33 34)
3(4 2 1)
3(35 32 33)
3(5 4 1)
3(36 32 35)
3(5 1 0)
3(36 31 32)
3(14 10 3)
3(45 34 41)
3(4 14 3)
3(35 34 45)
3(15 11 6)
3(46 37 42)
3(11 16 6)
3(42 37 47)
3(16 9 6)
3(47 37 40)
3(5 19 4)
3(36 35 50)
3(19 14 4)
3(50 35 45)
3(14 19 13)
3(45 44 50)
3(14 20 10)
3(45 41 51)
3(22 18 12)
3(53 43 49)
3(23 15 6)
3(54 37 46)
3(20 24 7)
3(51 38 55)
3(24 22 17)
3(55 48 53)
3(22 24 18)
3(53 49 55)
3(24 21 7)
3(55 38 52)
3(21 24 17)
3(52 48 55)
3(18 25 13)
3(49 44 56)
3(25 20 14)
3(56 45 51)
3(25 14 13)
3(56 44 45)
3(25 24 20)
3(56 51 55)
3(24 25 18)
3(55 49 56)
3(9 26 8)
3(40 39 57)
3(27 22 12)
3(58 43 53)
3(22 27 17)
3(53 48 58)
3(28 27 8)
3(59 39 58)
3(26 28 8)
3(57 39 59)
3(29 23 6)
3(60 37 54)
3(23 29 12)
3(54 43 60)
3(29 27 12)
3(60 43 58)
3(27 29 8)
3(58 39 60)
3(29 9 8)
3(60 39 40)
3(9 29 6)
3(40 37 60)
3(28 30 27)
3(59 58 61)
3(27 30 17)
3(58 48 61)
4(12 18 49 43)
4(12 43 54 23)
4(15 46 42 11)
4(23 54 46 15)
4(0 31 36 5)
4(5 36 50 19)
4(13 19 50 44)
4(13 44 49 18)
4(3 34 33 2)
4(3 10 41 34)
4(10 20 51 41)
4(7 38 51 20)
4(21 52 38 7)
4(21 17 48 52)
4(17 30 61 48)
4(9 16 47 40)
4(16 11 42 47)
4(26 9 40 57)
4(28 26 57 59)
4(30 28 59 61)
)


// ************************************************************************* //
