/*--------------------------------*- C++ -*----------------------------------*\
| =========                 |                                                 |
| \\      /  F ield         | OpenFOAM: The Open Source CFD Toolbox           |
|  \\    /   O peration     | Version:  2412                                  |
|   \\  /    A nd           | Website:  www.openfoam.com                      |
|    \\/     M anipulation  |                                                 |
\*---------------------------------------------------------------------------*/
FoamFile
{
    version     2.0;
    format      ascii;
    arch        "LSB;label=32;scalar=64";
    class       faceList;
    location    "constant/polyMesh";
    object      faces;
}
// * * * * * * * * * * * * * * * * * * * * * * * * * * * * * * * * * * * * * //


143
(
4(10 3 33 40)
4(10 40 34 4)
4(11 8 38 41)
4(12 42 31 1)
4(13 3 33 43)
4(13 43 40 10)
4(13 2 32 43)
4(4 14 44 34)
4(10 40 44 14)
4(14 44 35 5)
4(15 8 38 45)
4(15 7 37 45)
4(1 16 46 31)
4(12 42 46 16)
4(16 2 32 46)
4(16 46 43 13)
4(5 17 47 35)
4(14 44 47 17)
4(17 47 36 6)
4(6 18 48 36)
4(17 47 48 18)
4(18 7 37 48)
4(18 48 45 15)
4(10 19 49 40)
4(13 43 49 19)
4(10 20 50 40)
4(19 49 50 20)
4(20 50 44 14)
4(21 13 43 51)
4(21 51 49 19)
4(16 46 51 21)
4(18 48 52 22)
4(14 23 53 44)
4(20 50 53 23)
4(23 53 47 17)
4(21 51 55 25)
4(19 25 55 49)
4(26 16 46 56)
4(26 56 51 21)
4(27 18 48 57)
4(17 27 57 47)
4(23 53 57 27)
4(28 20 50 58)
4(20 24 54 50)
4(28 19 49 58)
4(20 29 59 50)
4(29 59 53 23)
4(3 4 34 33)
4(8 9 39 38)
4(0 1 31 30)
4(2 3 33 32)
4(4 5 35 34)
4(7 8 38 37)
4(1 2 32 31)
4(5 6 36 35)
4(6 7 37 36)
3(10 4 3)
3(40 33 34)
3(11 9 8)
3(41 38 39)
3(12 1 0)
3(42 30 31)
3(13 10 3)
3(43 33 40)
3(13 3 2)
3(43 32 33)
3(10 14 4)
3(40 34 44)
3(14 5 4)
3(44 34 35)
3(15 11 8)
3(45 38 41)
3(15 8 7)
3(45 37 38)
3(12 16 1)
3(42 31 46)
3(16 13 2)
3(46 32 43)
3(16 2 1)
3(46 31 32)
3(14 17 5)
3(44 35 47)
3(17 6 5)
3(47 35 36)
3(17 18 6)
3(47 36 48)
3(18 15 7)
3(48 37 45)
3(18 7 6)
3(48 36 37)
3(13 19 10)
3(43 40 49)
3(19 20 10)
3(49 40 50)
3(20 14 10)
3(50 40 44)
3(21 19 13)
3(51 43 49)
3(16 21 13)
3(46 43 51)
3(18 22 15)
3(48 45 52)
3(20 23 14)
3(50 44 53)
3(23 17 14)
3(53 44 47)
3(21 25 19)
3(51 49 55)
3(26 21 16)
3(56 46 51)
3(26 16 12)
3(56 42 46)
3(26 25 21)
3(56 51 55)
3(27 22 18)
3(57 48 52)
3(23 27 17)
3(53 47 57)
3(27 18 17)
3(57 47 48)
3(28 24 20)
3(58 50 54)
3(28 20 19)
3(58 49 50)
3(25 28 19)
3(55 49 58)
3(24 29 20)
3(54 50 59)
3(29 23 20)
3(59 50 53)
3(29 27 23)
3(59 53 57)
4(15 45 41 11)
4(22 52 45 15)
4(27 57 52 22)
4(24 54 59 29)
4(29 59 57 27)
4(26 56 55 25)
4(28 58 54 24)
4(28 25 55 58)
4(11 41 39 9)
4(12 0 30 42)
4(12 42 56 26)
)


// ************************************************************************* //
