/*--------------------------------*- C++ -*----------------------------------*\
| =========                 |                                                 |
| \\      /  F ield         | OpenFOAM: The Open Source CFD Toolbox           |
|  \\    /   O peration     | Version:  2412                                  |
|   \\  /    A nd           | Website:  www.openfoam.com                      |
|    \\/     M anipulation  |                                                 |
\*---------------------------------------------------------------------------*/
FoamFile
{
    version     2.0;
    format      ascii;
    arch        "LSB;label=32;scalar=64";
    class       faceList;
    location    "constant/polyMesh";
    object      faces;
}
// * * * * * * * * * * * * * * * * * * * * * * * * * * * * * * * * * * * * * //


142
(
4(6 35 31 2)
4(6 1 30 35)
4(2 8 37 31)
4(6 35 37 8)
4(8 37 32 3)
4(9 1 30 38)
4(9 38 35 6)
4(9 0 29 38)
4(10 39 38 9)
4(11 5 34 40)
4(11 40 36 7)
4(11 4 33 40)
4(12 4 33 41)
4(12 41 40 11)
4(3 12 41 32)
4(8 37 41 12)
4(11 40 43 14)
4(15 6 35 44)
4(15 44 37 8)
4(10 16 45 39)
4(13 42 45 16)
4(9 16 45 38)
4(18 11 40 47)
4(18 47 43 14)
4(12 41 47 18)
4(20 6 35 49)
4(20 49 44 15)
4(9 20 49 38)
4(16 45 49 20)
4(8 21 50 37)
4(15 44 50 21)
4(21 12 41 50)
4(21 50 47 18)
4(19 24 53 48)
4(22 19 48 51)
4(25 16 45 54)
4(25 54 49 20)
4(26 55 50 21)
4(26 15 44 55)
4(18 26 55 47)
4(24 53 55 26)
4(19 26 55 48)
4(26 14 43 55)
4(19 23 52 48)
4(19 27 56 48)
4(27 56 51 22)
4(20 28 57 49)
4(15 28 57 44)
4(1 2 31 30)
4(2 3 32 31)
4(0 1 30 29)
4(4 5 34 33)
4(3 4 33 32)
3(6 2 1)
3(35 30 31)
3(6 8 2)
3(35 31 37)
3(8 3 2)
3(37 31 32)
3(9 6 1)
3(38 30 35)
3(9 1 0)
3(38 29 30)
3(10 9 0)
3(39 29 38)
3(11 7 5)
3(40 34 36)
3(11 5 4)
3(40 33 34)
3(12 11 4)
3(41 33 40)
3(8 12 3)
3(37 32 41)
3(12 4 3)
3(41 32 33)
3(11 14 7)
3(40 36 43)
3(15 8 6)
3(44 35 37)
3(13 16 10)
3(42 39 45)
3(10 16 9)
3(39 38 45)
3(18 14 11)
3(47 40 43)
3(12 18 11)
3(41 40 47)
3(20 15 6)
3(49 35 44)
3(16 20 9)
3(45 38 49)
3(9 20 6)
3(38 35 49)
3(15 21 8)
3(44 37 50)
3(21 18 12)
3(50 41 47)
3(21 12 8)
3(50 37 41)
3(22 24 19)
3(51 48 53)
3(25 20 16)
3(54 45 49)
3(25 16 13)
3(54 42 45)
3(26 21 15)
3(55 44 50)
3(21 26 18)
3(50 47 55)
3(24 26 19)
3(53 48 55)
3(26 24 14)
3(55 43 53)
3(18 26 14)
3(47 43 55)
3(26 23 19)
3(55 48 52)
3(23 27 19)
3(52 48 56)
3(27 22 19)
3(56 48 51)
3(22 27 17)
3(51 46 56)
3(25 28 20)
3(54 49 57)
3(20 28 15)
3(49 44 57)
3(28 26 15)
3(57 44 55)
4(10 0 29 39)
4(13 10 39 42)
4(23 52 56 27)
4(17 27 56 46)
4(13 42 54 25)
4(26 55 52 23)
4(28 25 54 57)
4(28 57 55 26)
4(7 36 34 5)
4(7 14 43 36)
4(22 17 46 51)
4(24 22 51 53)
4(24 53 43 14)
)


// ************************************************************************* //
