/*--------------------------------*- C++ -*----------------------------------*\
| =========                 |                                                 |
| \\      /  F ield         | OpenFOAM: The Open Source CFD Toolbox           |
|  \\    /   O peration     | Version:  2412                                  |
|   \\  /    A nd           | Website:  www.openfoam.com                      |
|    \\/     M anipulation  |                                                 |
\*---------------------------------------------------------------------------*/
FoamFile
{
    version     2.0;
    format      ascii;
    arch        "LSB;label=32;scalar=64";
    class       faceList;
    location    "constant/polyMesh";
    object      faces;
}
// * * * * * * * * * * * * * * * * * * * * * * * * * * * * * * * * * * * * * //


141
(
4(1 8 36 29)
4(3 31 36 8)
4(1 14 42 29)
4(8 36 42 14)
4(14 0 28 42)
4(14 42 35 7)
4(15 3 31 43)
4(15 43 36 8)
4(15 2 30 43)
4(5 17 45 33)
4(10 38 45 17)
4(10 5 33 38)
4(17 45 36 8)
4(5 8 36 33)
4(13 41 45 17)
4(17 45 42 14)
4(7 17 45 35)
4(19 47 38 10)
4(19 5 33 47)
4(19 47 40 12)
4(6 19 47 34)
4(19 47 39 11)
4(19 47 46 18)
4(4 21 49 32)
4(20 48 49 21)
4(21 2 30 49)
4(21 49 43 15)
4(8 36 51 23)
4(5 23 51 33)
4(15 43 51 23)
4(24 52 51 23)
4(24 16 44 52)
4(16 23 51 44)
4(5 24 52 33)
4(25 53 47 19)
4(25 5 33 53)
4(18 25 53 46)
4(9 25 53 37)
4(25 53 52 24)
4(9 24 52 37)
4(26 54 52 24)
4(26 16 44 54)
4(22 16 44 50)
4(27 55 50 22)
4(27 16 44 55)
4(20 27 55 48)
4(27 55 49 21)
4(23 51 55 27)
4(27 15 43 55)
3(3 8 1)
3(31 29 36)
3(8 14 1)
3(36 29 42)
3(14 7 0)
3(42 28 35)
3(1 14 0)
3(29 28 42)
3(15 8 3)
3(43 31 36)
3(15 3 2)
3(43 30 31)
3(10 17 5)
3(38 33 45)
3(17 8 5)
3(45 33 36)
3(13 17 10)
3(41 38 45)
3(17 14 8)
3(45 36 42)
3(14 17 7)
3(42 35 45)
3(17 13 7)
3(45 35 41)
3(19 10 5)
3(47 33 38)
3(19 12 10)
3(47 38 40)
3(12 19 6)
3(40 34 47)
3(19 11 6)
3(47 34 39)
3(19 18 11)
3(47 39 46)
3(20 21 4)
3(48 32 49)
3(21 15 2)
3(49 30 43)
3(4 21 2)
3(32 30 49)
3(8 23 5)
3(36 33 51)
3(15 23 8)
3(43 36 51)
3(24 23 16)
3(52 44 51)
3(23 24 5)
3(51 33 52)
3(25 19 5)
3(53 33 47)
3(19 25 18)
3(47 46 53)
3(18 25 9)
3(46 37 53)
3(25 24 9)
3(53 37 52)
3(24 25 5)
3(52 33 53)
3(26 24 16)
3(54 44 52)
3(24 26 9)
3(52 37 54)
3(22 26 16)
3(50 44 54)
3(27 22 16)
3(55 44 50)
3(22 27 20)
3(50 48 55)
3(27 21 20)
3(55 48 49)
3(23 27 16)
3(51 44 55)
3(27 23 15)
3(55 43 51)
3(21 27 15)
3(49 43 55)
4(6 11 39 34)
4(18 9 37 46)
4(11 18 46 39)
4(9 26 54 37)
4(1 0 28 29)
4(2 3 31 30)
4(3 1 29 31)
4(4 2 30 32)
4(7 35 28 0)
4(10 12 40 38)
4(12 6 34 40)
4(13 10 38 41)
4(7 13 41 35)
4(20 4 32 48)
4(22 20 48 50)
4(22 50 54 26)
)


// ************************************************************************* //
