/*--------------------------------*- C++ -*----------------------------------*\
| =========                 |                                                 |
| \\      /  F ield         | OpenFOAM: The Open Source CFD Toolbox           |
|  \\    /   O peration     | Version:  2412                                  |
|   \\  /    A nd           | Website:  www.openfoam.com                      |
|    \\/     M anipulation  |                                                 |
\*---------------------------------------------------------------------------*/
FoamFile
{
    version     2.0;
    format      ascii;
    arch        "LSB;label=32;scalar=64";
    class       faceList;
    location    "constant/polyMesh";
    object      faces;
}
// * * * * * * * * * * * * * * * * * * * * * * * * * * * * * * * * * * * * * //


143
(
4(4 34 36 6)
4(10 1 31 40)
4(10 40 32 2)
4(12 42 34 4)
4(12 3 33 42)
4(6 12 42 36)
4(12 42 37 7)
4(14 1 31 44)
4(14 44 40 10)
4(14 0 30 44)
4(15 3 33 45)
4(15 45 42 12)
4(2 15 45 32)
4(10 40 45 15)
4(7 17 47 37)
4(12 42 47 17)
4(17 47 38 8)
4(8 18 48 38)
4(17 47 48 18)
4(18 9 39 48)
4(18 48 43 13)
4(19 49 44 14)
4(20 12 42 50)
4(20 50 47 17)
4(15 45 50 20)
4(21 16 46 51)
4(21 51 49 19)
4(10 23 53 40)
4(14 44 53 23)
4(17 24 54 47)
4(20 50 54 24)
4(24 54 48 18)
4(10 25 55 40)
4(23 53 55 25)
4(25 15 45 55)
4(25 55 50 20)
4(26 14 44 56)
4(19 26 56 49)
4(27 13 43 57)
4(27 57 52 22)
4(18 27 57 48)
4(24 54 57 27)
4(28 58 55 25)
4(20 28 58 50)
4(28 58 54 24)
4(28 58 57 27)
4(27 29 59 57)
4(5 6 36 35)
4(6 7 37 36)
4(7 8 38 37)
4(8 9 39 38)
4(4 5 35 34)
4(1 2 32 31)
4(3 4 34 33)
4(0 1 31 30)
4(2 3 33 32)
3(4 6 5)
3(34 35 36)
3(10 2 1)
3(40 31 32)
3(12 4 3)
3(42 33 34)
3(4 12 6)
3(34 36 42)
3(12 7 6)
3(42 36 37)
3(14 10 1)
3(44 31 40)
3(14 1 0)
3(44 30 31)
3(15 12 3)
3(45 33 42)
3(10 15 2)
3(40 32 45)
3(15 3 2)
3(45 32 33)
3(12 17 7)
3(42 37 47)
3(17 8 7)
3(47 37 38)
3(17 18 8)
3(47 38 48)
3(18 13 9)
3(48 39 43)
3(18 9 8)
3(48 38 39)
3(19 14 0)
3(49 30 44)
3(20 17 12)
3(50 42 47)
3(15 20 12)
3(45 42 50)
3(21 19 16)
3(51 46 49)
3(21 16 11)
3(51 41 46)
3(14 23 10)
3(44 40 53)
3(20 24 17)
3(50 47 54)
3(24 18 17)
3(54 47 48)
3(23 25 10)
3(53 40 55)
3(25 20 15)
3(55 45 50)
3(25 15 10)
3(55 40 45)
3(26 23 14)
3(56 44 53)
3(21 26 19)
3(51 49 56)
3(19 26 14)
3(49 44 56)
3(27 22 13)
3(57 43 52)
3(24 27 18)
3(54 48 57)
3(18 27 13)
3(48 43 57)
3(28 25 23)
3(58 53 55)
3(25 28 20)
3(55 50 58)
3(28 24 20)
3(58 50 54)
3(28 27 24)
3(58 54 57)
3(28 29 27)
3(58 57 59)
3(27 29 22)
3(57 52 59)
4(13 43 39 9)
4(22 52 43 13)
4(11 16 46 41)
4(16 19 49 46)
4(19 0 30 49)
4(21 11 41 51)
4(26 56 53 23)
4(21 51 56 26)
4(28 23 53 58)
4(29 28 58 59)
4(22 29 59 52)
)


// ************************************************************************* //
