/*--------------------------------*- C++ -*----------------------------------*\
| =========                 |                                                 |
| \\      /  F ield         | OpenFOAM: The Open Source CFD Toolbox           |
|  \\    /   O peration     | Version:  2412                                  |
|   \\  /    A nd           | Website:  www.openfoam.com                      |
|    \\/     M anipulation  |                                                 |
\*---------------------------------------------------------------------------*/
FoamFile
{
    version     2.0;
    format      ascii;
    arch        "LSB;label=32;scalar=64";
    class       faceList;
    location    "constant/polyMesh";
    object      faces;
}
// * * * * * * * * * * * * * * * * * * * * * * * * * * * * * * * * * * * * * //


144
(
4(8 39 35 4)
4(9 40 31 0)
4(9 7 38 40)
4(4 10 41 35)
4(8 39 41 10)
4(10 41 36 5)
4(0 11 42 31)
4(9 40 42 11)
4(11 42 32 1)
4(12 7 38 43)
4(12 43 40 9)
4(12 6 37 43)
4(13 6 37 44)
4(13 44 43 12)
4(5 13 44 36)
4(10 41 44 13)
4(1 14 45 32)
4(11 42 45 14)
4(18 10 41 49)
4(18 49 44 13)
4(19 11 42 50)
4(12 43 51 20)
4(9 20 51 40)
4(21 10 41 52)
4(21 52 49 18)
4(8 21 52 39)
4(17 48 52 21)
4(22 12 43 53)
4(13 22 53 44)
4(9 24 55 40)
4(20 51 55 24)
4(24 11 42 55)
4(24 55 50 19)
4(21 52 56 25)
4(26 57 54 23)
4(26 19 50 57)
4(19 23 54 50)
4(23 54 58 27)
4(23 16 47 54)
4(28 23 54 59)
4(28 59 57 26)
4(15 26 57 46)
4(29 60 55 24)
4(26 57 60 29)
4(29 19 50 60)
4(30 61 54 23)
4(3 4 35 34)
4(7 0 31 38)
4(4 5 36 35)
4(0 1 32 31)
4(6 7 38 37)
4(5 6 37 36)
4(1 2 33 32)
3(8 4 3)
3(39 34 35)
3(9 0 7)
3(40 38 31)
3(8 10 4)
3(39 35 41)
3(10 5 4)
3(41 35 36)
3(9 11 0)
3(40 31 42)
3(11 1 0)
3(42 31 32)
3(12 9 7)
3(43 38 40)
3(12 7 6)
3(43 37 38)
3(13 12 6)
3(44 37 43)
3(10 13 5)
3(41 36 44)
3(13 6 5)
3(44 36 37)
3(11 14 1)
3(42 32 45)
3(14 2 1)
3(45 32 33)
3(18 13 10)
3(49 41 44)
3(19 14 11)
3(50 42 45)
3(12 20 9)
3(43 40 51)
3(21 18 10)
3(52 41 49)
3(17 21 8)
3(48 39 52)
3(21 10 8)
3(52 39 41)
3(22 20 12)
3(53 43 51)
3(18 22 13)
3(49 44 53)
3(13 22 12)
3(44 43 53)
3(20 24 9)
3(51 40 55)
3(24 19 11)
3(55 42 50)
3(24 11 9)
3(55 40 42)
3(21 25 18)
3(52 49 56)
3(25 21 17)
3(56 48 52)
3(26 23 19)
3(57 50 54)
3(23 27 16)
3(54 47 58)
3(28 27 23)
3(59 54 58)
3(28 26 15)
3(59 46 57)
3(26 28 23)
3(57 54 59)
3(29 24 20)
3(60 51 55)
3(26 29 15)
3(57 46 60)
3(29 26 19)
3(60 50 57)
3(24 29 19)
3(55 50 60)
3(30 23 16)
3(61 47 54)
3(23 30 19)
3(54 50 61)
4(8 3 34 39)
4(8 39 48 17)
4(14 45 33 2)
4(19 50 45 14)
4(30 61 50 19)
4(30 16 47 61)
4(16 27 58 47)
4(28 59 58 27)
4(15 46 59 28)
4(22 53 51 20)
4(18 49 53 22)
4(18 25 56 49)
4(25 17 48 56)
4(29 20 51 60)
4(15 29 60 46)
)


// ************************************************************************* //
