/*--------------------------------*- C++ -*----------------------------------*\
| =========                 |                                                 |
| \\      /  F ield         | OpenFOAM: The Open Source CFD Toolbox           |
|  \\    /   O peration     | Version:  2412                                  |
|   \\  /    A nd           | Website:  www.openfoam.com                      |
|    \\/     M anipulation  |                                                 |
\*---------------------------------------------------------------------------*/
FoamFile
{
    version     2.0;
    format      ascii;
    arch        "LSB;label=32;scalar=64";
    class       faceList;
    location    "constant/polyMesh";
    object      faces;
}
// * * * * * * * * * * * * * * * * * * * * * * * * * * * * * * * * * * * * * //


143
(
4(5 35 32 2)
4(5 1 31 35)
4(2 7 37 32)
4(5 35 37 7)
4(7 37 33 3)
4(8 1 31 38)
4(8 38 35 5)
4(8 0 30 38)
4(9 39 38 8)
4(7 37 40 10)
4(4 13 43 34)
4(6 36 43 13)
4(14 5 35 44)
4(14 44 37 7)
4(8 15 45 38)
4(13 43 47 17)
4(18 48 43 13)
4(11 14 44 41)
4(19 11 41 49)
4(8 20 50 38)
4(15 45 50 20)
4(20 5 35 50)
4(20 50 44 14)
4(14 44 51 21)
4(11 21 51 41)
4(21 51 50 20)
4(21 15 45 51)
4(11 23 53 41)
4(13 43 53 23)
4(13 11 41 43)
4(23 53 49 19)
4(23 53 48 18)
4(23 16 46 53)
4(16 18 48 46)
4(7 24 54 37)
4(25 55 51 21)
4(11 25 55 41)
4(19 49 56 26)
4(12 26 56 42)
4(26 56 53 23)
4(26 16 46 56)
4(26 56 52 22)
4(16 27 57 46)
4(28 58 56 26)
4(28 16 46 58)
4(29 13 43 59)
4(11 29 59 41)
4(1 2 32 31)
4(2 3 33 32)
4(0 1 31 30)
3(5 2 1)
3(35 31 32)
3(5 7 2)
3(35 32 37)
3(7 3 2)
3(37 32 33)
3(8 5 1)
3(38 31 35)
3(8 1 0)
3(38 30 31)
3(9 8 0)
3(39 30 38)
3(7 10 3)
3(37 33 40)
3(6 13 4)
3(36 34 43)
3(14 7 5)
3(44 35 37)
3(9 15 8)
3(39 38 45)
3(13 17 4)
3(43 34 47)
3(18 13 6)
3(48 36 43)
3(19 14 11)
3(49 41 44)
3(15 20 8)
3(45 38 50)
3(20 14 5)
3(50 35 44)
3(8 20 5)
3(38 35 50)
3(14 21 11)
3(44 41 51)
3(21 20 15)
3(51 45 50)
3(20 21 14)
3(50 44 51)
3(13 23 11)
3(43 41 53)
3(23 19 11)
3(53 41 49)
3(23 18 16)
3(53 46 48)
3(18 23 13)
3(48 43 53)
3(14 24 7)
3(44 37 54)
3(24 10 7)
3(54 37 40)
3(25 21 15)
3(55 45 51)
3(21 25 11)
3(51 41 55)
3(19 26 12)
3(49 42 56)
3(26 23 16)
3(56 46 53)
3(23 26 19)
3(53 49 56)
3(26 22 12)
3(56 42 52)
3(18 27 16)
3(48 46 57)
3(28 26 16)
3(58 46 56)
3(26 28 22)
3(56 52 58)
3(27 28 16)
3(57 46 58)
3(29 17 13)
3(59 43 47)
3(25 29 11)
3(55 41 59)
3(29 13 11)
3(59 41 43)
4(6 4 34 36)
4(18 6 36 48)
4(27 18 48 57)
4(22 28 58 52)
4(28 27 57 58)
4(3 10 40 33)
4(19 49 44 14)
4(14 44 54 24)
4(24 54 40 10)
4(19 12 42 49)
4(12 22 52 42)
4(4 17 47 34)
4(29 59 47 17)
4(25 55 59 29)
4(9 0 30 39)
4(9 39 45 15)
4(25 15 45 55)
)


// ************************************************************************* //
