/*--------------------------------*- C++ -*----------------------------------*\
| =========                 |                                                 |
| \\      /  F ield         | OpenFOAM: The Open Source CFD Toolbox           |
|  \\    /   O peration     | Version:  2412                                  |
|   \\  /    A nd           | Website:  www.openfoam.com                      |
|    \\/     M anipulation  |                                                 |
\*---------------------------------------------------------------------------*/
FoamFile
{
    version     2.0;
    format      ascii;
    arch        "LSB;label=32;scalar=64";
    class       faceList;
    location    "constant/polyMesh";
    object      faces;
}
// * * * * * * * * * * * * * * * * * * * * * * * * * * * * * * * * * * * * * //


143
(
4(5 35 33 3)
4(5 2 32 35)
4(7 4 34 37)
4(7 37 36 6)
4(3 7 37 33)
4(5 35 37 7)
4(8 2 32 38)
4(8 38 35 5)
4(8 1 31 38)
4(9 1 31 39)
4(9 39 38 8)
4(9 0 30 39)
4(10 40 39 9)
4(5 13 43 35)
4(8 38 43 13)
4(5 17 47 35)
4(13 43 47 17)
4(17 47 37 7)
4(18 8 38 48)
4(9 39 48 18)
4(6 20 50 36)
4(7 37 50 20)
4(20 50 49 19)
4(15 20 50 45)
4(17 47 50 20)
4(11 21 51 41)
4(16 46 51 21)
4(10 22 52 40)
4(14 44 52 22)
4(22 9 39 52)
4(22 52 48 18)
4(21 15 45 51)
4(21 51 53 23)
4(24 15 45 54)
4(24 54 51 21)
4(24 54 50 20)
4(24 17 47 54)
4(21 51 55 25)
4(24 54 55 25)
4(25 17 47 55)
4(26 56 52 22)
4(28 12 42 58)
4(23 53 59 29)
4(12 29 59 42)
4(29 21 51 59)
4(29 16 46 59)
4(29 59 58 28)
4(2 3 33 32)
4(3 4 34 33)
4(1 2 32 31)
4(0 1 31 30)
3(5 3 2)
3(35 32 33)
3(7 6 4)
3(37 34 36)
3(5 7 3)
3(35 33 37)
3(7 4 3)
3(37 33 34)
3(8 5 2)
3(38 32 35)
3(8 2 1)
3(38 31 32)
3(9 8 1)
3(39 31 38)
3(9 1 0)
3(39 30 31)
3(10 9 0)
3(40 30 39)
3(8 13 5)
3(38 35 43)
3(13 17 5)
3(43 35 47)
3(17 7 5)
3(47 35 37)
3(18 13 8)
3(48 38 43)
3(9 18 8)
3(39 38 48)
3(7 20 6)
3(37 36 50)
3(20 19 6)
3(50 36 49)
3(19 20 15)
3(49 45 50)
3(17 20 7)
3(47 37 50)
3(16 21 11)
3(46 41 51)
3(14 22 10)
3(44 40 52)
3(22 18 9)
3(52 39 48)
3(10 22 9)
3(40 39 52)
3(21 23 15)
3(51 45 53)
3(24 21 15)
3(54 45 51)
3(24 20 17)
3(54 47 50)
3(20 24 15)
3(50 45 54)
3(21 25 11)
3(51 41 55)
3(24 25 21)
3(54 51 55)
3(25 24 17)
3(55 47 54)
3(25 17 13)
3(55 43 47)
3(26 22 14)
3(56 44 52)
3(22 26 18)
3(52 48 56)
3(28 27 12)
3(58 42 57)
3(23 29 12)
3(53 42 59)
3(29 23 21)
3(59 51 53)
3(29 21 16)
3(59 46 51)
3(29 28 12)
3(59 42 58)
3(28 29 16)
3(58 46 59)
4(16 46 58 28)
4(28 58 57 27)
4(18 48 43 13)
4(16 11 41 46)
4(11 25 55 41)
4(25 13 43 55)
4(26 56 48 18)
4(10 0 30 40)
4(14 10 40 44)
4(26 14 44 56)
4(19 15 45 49)
4(12 42 53 23)
4(15 23 53 45)
4(27 57 42 12)
4(6 36 34 4)
4(6 19 49 36)
)


// ************************************************************************* //
