/*--------------------------------*- C++ -*----------------------------------*\
| =========                 |                                                 |
| \\      /  F ield         | OpenFOAM: The Open Source CFD Toolbox           |
|  \\    /   O peration     | Version:  2412                                  |
|   \\  /    A nd           | Website:  www.openfoam.com                      |
|    \\/     M anipulation  |                                                 |
\*---------------------------------------------------------------------------*/
FoamFile
{
    version     2.0;
    format      ascii;
    arch        "LSB;label=32;scalar=64";
    class       faceList;
    location    "constant/polyMesh";
    object      faces;
}
// * * * * * * * * * * * * * * * * * * * * * * * * * * * * * * * * * * * * * //


144
(
4(1 9 40 32)
4(11 6 37 42)
4(11 42 38 7)
4(12 43 40 9)
4(12 8 39 43)
4(2 13 44 33)
4(10 41 44 13)
4(13 44 34 3)
4(14 6 37 45)
4(14 45 42 11)
4(14 5 36 45)
4(15 8 39 46)
4(7 15 46 38)
4(11 42 46 15)
4(3 16 47 34)
4(13 44 47 16)
4(16 47 35 4)
4(4 17 48 35)
4(16 47 48 17)
4(17 5 36 48)
4(17 48 45 14)
4(11 18 49 42)
4(14 45 49 18)
4(11 19 50 42)
4(18 49 50 19)
4(20 51 44 13)
4(21 18 49 52)
4(22 14 45 53)
4(22 53 49 18)
4(17 48 53 22)
4(13 24 55 44)
4(20 51 55 24)
4(24 55 47 16)
4(25 18 49 56)
4(26 57 55 24)
4(24 23 54 55)
4(27 58 55 24)
4(27 23 54 58)
4(28 59 53 22)
4(28 17 48 59)
4(28 59 58 27)
4(22 27 58 53)
4(24 28 59 55)
4(16 28 59 47)
4(22 29 60 53)
4(29 18 49 60)
4(0 31 40 9)
4(6 7 38 37)
4(8 9 40 39)
4(2 3 34 33)
4(5 6 37 36)
4(7 8 39 38)
4(3 4 35 34)
4(4 5 36 35)
4(0 1 32 31)
3(0 9 1)
3(31 32 40)
3(11 7 6)
3(42 37 38)
3(12 9 8)
3(43 39 40)
3(9 12 1)
3(40 32 43)
3(10 13 2)
3(41 33 44)
3(13 3 2)
3(44 33 34)
3(14 11 6)
3(45 37 42)
3(14 6 5)
3(45 36 37)
3(15 12 8)
3(46 39 43)
3(11 15 7)
3(42 38 46)
3(15 8 7)
3(46 38 39)
3(13 16 3)
3(44 34 47)
3(16 4 3)
3(47 34 35)
3(16 17 4)
3(47 35 48)
3(17 14 5)
3(48 36 45)
3(17 5 4)
3(48 35 36)
3(14 18 11)
3(45 42 49)
3(18 19 11)
3(49 42 50)
3(19 15 11)
3(50 42 46)
3(20 13 10)
3(51 41 44)
3(21 19 18)
3(52 49 50)
3(22 18 14)
3(53 45 49)
3(17 22 14)
3(48 45 53)
3(20 24 13)
3(51 44 55)
3(24 16 13)
3(55 44 47)
3(25 21 18)
3(56 49 52)
3(26 24 20)
3(57 51 55)
3(24 26 23)
3(55 54 57)
3(27 24 23)
3(58 54 55)
3(28 22 17)
3(59 48 53)
3(28 27 22)
3(59 53 58)
3(27 28 24)
3(58 55 59)
3(24 28 16)
3(55 47 59)
3(28 17 16)
3(59 47 48)
3(27 29 22)
3(58 53 60)
3(29 25 18)
3(60 49 56)
3(22 29 18)
3(53 49 60)
3(30 27 23)
3(61 54 58)
4(10 2 33 41)
4(10 41 51 20)
4(26 20 51 57)
4(23 26 57 54)
4(12 43 32 1)
4(15 46 43 12)
4(19 50 46 15)
4(21 52 50 19)
4(25 56 52 21)
4(27 58 60 29)
4(29 60 56 25)
4(23 54 61 30)
4(30 61 58 27)
)


// ************************************************************************* //
