/*--------------------------------*- C++ -*----------------------------------*\
| =========                 |                                                 |
| \\      /  F ield         | OpenFOAM: The Open Source CFD Toolbox           |
|  \\    /   O peration     | Version:  2412                                  |
|   \\  /    A nd           | Website:  www.openfoam.com                      |
|    \\/     M anipulation  |                                                 |
\*---------------------------------------------------------------------------*/
FoamFile
{
    version     2.0;
    format      ascii;
    arch        "LSB;label=32;scalar=64";
    class       faceList;
    location    "constant/polyMesh";
    object      faces;
}
// * * * * * * * * * * * * * * * * * * * * * * * * * * * * * * * * * * * * * //


141
(
4(7 4 32 35)
4(7 35 33 5)
4(9 4 32 37)
4(9 37 35 7)
4(9 3 31 37)
4(0 10 38 28)
4(8 36 38 10)
4(10 38 29 1)
4(5 11 39 33)
4(7 35 39 11)
4(12 3 31 40)
4(12 40 37 9)
4(12 2 30 40)
4(1 13 41 29)
4(10 38 41 13)
4(13 2 30 41)
4(13 41 40 12)
4(17 45 38 10)
4(19 47 43 15)
4(10 20 48 38)
4(17 45 48 20)
4(20 48 41 13)
4(21 7 35 49)
4(9 22 50 37)
4(12 40 50 22)
4(23 51 46 18)
4(16 18 46 44)
4(18 21 49 46)
4(22 50 52 24)
4(9 24 52 37)
4(24 18 46 52)
4(18 22 50 46)
4(21 49 52 24)
4(24 7 35 52)
4(25 16 44 53)
4(25 53 47 19)
4(18 25 53 46)
4(22 50 53 25)
4(13 26 54 41)
4(20 48 54 26)
4(26 12 40 54)
4(26 54 50 22)
4(26 54 53 25)
4(25 53 55 27)
4(19 27 55 47)
4(27 55 54 26)
4(27 20 48 55)
4(27 17 45 55)
4(15 27 55 43)
4(4 5 33 32)
4(3 4 32 31)
4(0 1 29 28)
4(5 6 34 33)
4(2 3 31 30)
4(1 2 30 29)
3(7 5 4)
3(35 32 33)
3(9 7 4)
3(37 32 35)
3(9 4 3)
3(37 31 32)
3(8 10 0)
3(36 28 38)
3(10 1 0)
3(38 28 29)
3(7 11 5)
3(35 33 39)
3(11 6 5)
3(39 33 34)
3(12 9 3)
3(40 31 37)
3(12 3 2)
3(40 30 31)
3(10 13 1)
3(38 29 41)
3(13 12 2)
3(41 30 40)
3(13 2 1)
3(41 29 30)
3(17 10 8)
3(45 36 38)
3(19 15 14)
3(47 42 43)
3(17 20 10)
3(45 38 48)
3(20 13 10)
3(48 38 41)
3(21 11 7)
3(49 35 39)
3(12 22 9)
3(40 37 50)
3(23 18 16)
3(51 44 46)
3(23 21 18)
3(51 46 49)
3(22 24 9)
3(50 37 52)
3(24 22 18)
3(52 46 50)
3(21 24 18)
3(49 46 52)
3(24 21 7)
3(52 35 49)
3(9 24 7)
3(37 35 52)
3(25 19 16)
3(53 44 47)
3(22 25 18)
3(50 46 53)
3(18 25 16)
3(46 44 53)
3(20 26 13)
3(48 41 54)
3(26 22 12)
3(54 40 50)
3(13 26 12)
3(41 40 54)
3(26 25 22)
3(54 50 53)
3(25 27 19)
3(53 47 55)
3(27 26 20)
3(55 48 54)
3(26 27 25)
3(54 53 55)
3(27 20 17)
3(55 45 48)
3(19 27 15)
3(47 43 55)
3(27 17 15)
3(55 43 45)
4(19 14 42 47)
4(23 16 44 51)
4(19 47 44 16)
4(8 0 28 36)
4(17 8 36 45)
4(14 15 43 42)
4(17 45 43 15)
4(11 39 34 6)
4(21 49 39 11)
4(23 51 49 21)
)


// ************************************************************************* //
