/*--------------------------------*- C++ -*----------------------------------*\
| =========                 |                                                 |
| \\      /  F ield         | OpenFOAM: The Open Source CFD Toolbox           |
|  \\    /   O peration     | Version:  2412                                  |
|   \\  /    A nd           | Website:  www.openfoam.com                      |
|    \\/     M anipulation  |                                                 |
\*---------------------------------------------------------------------------*/
FoamFile
{
    version     2.0;
    format      ascii;
    arch        "LSB;label=32;scalar=64";
    class       faceList;
    location    "constant/polyMesh";
    object      faces;
}
// * * * * * * * * * * * * * * * * * * * * * * * * * * * * * * * * * * * * * //


153
(
4(1 6 43 38)
4(14 4 41 51)
4(14 51 42 5)
4(15 8 45 52)
4(15 52 44 7)
4(16 4 41 53)
4(16 53 51 14)
4(16 3 40 53)
4(14 51 54 17)
4(18 8 45 55)
4(18 9 46 55)
4(19 1 38 56)
4(19 56 39 2)
4(19 6 43 56)
4(7 19 56 44)
4(15 52 56 19)
4(20 57 49 12)
4(20 13 50 57)
4(2 21 58 39)
4(19 56 58 21)
4(21 3 40 58)
4(21 58 53 16)
4(22 59 47 10)
4(22 11 48 59)
4(10 23 60 47)
4(23 9 46 60)
4(24 11 48 61)
4(12 24 61 49)
4(20 57 61 24)
4(28 19 56 65)
4(28 65 58 21)
4(14 29 66 51)
4(16 53 66 29)
4(14 30 67 51)
4(30 17 54 67)
4(32 16 53 69)
4(21 32 69 58)
4(20 33 70 57)
4(31 68 70 33)
4(34 71 68 31)
4(34 27 64 71)
4(36 34 71 73)
4(6 0 37 43)
4(8 7 44 45)
4(9 8 45 46)
4(7 6 43 44)
4(13 12 49 50)
4(11 10 47 48)
4(10 9 46 47)
4(12 11 48 49)
4(1 38 37 0)
4(4 5 42 41)
4(3 4 41 40)
4(1 2 39 38)
4(2 3 40 39)
3(1 0 6)
3(38 43 37)
3(14 5 4)
3(51 41 42)
3(15 7 8)
3(52 45 44)
3(16 14 4)
3(53 41 51)
3(16 4 3)
3(53 40 41)
3(14 17 5)
3(51 42 54)
3(18 15 8)
3(55 45 52)
3(18 8 9)
3(55 46 45)
3(19 2 1)
3(56 38 39)
3(19 1 6)
3(56 43 38)
3(15 19 7)
3(52 44 56)
3(19 6 7)
3(56 44 43)
3(20 12 13)
3(57 50 49)
3(19 21 2)
3(56 39 58)
3(21 16 3)
3(58 40 53)
3(21 3 2)
3(58 39 40)
3(22 10 11)
3(59 48 47)
3(22 23 10)
3(59 47 60)
3(23 18 9)
3(60 46 55)
3(23 9 10)
3(60 47 46)
3(24 22 11)
3(61 48 59)
3(20 24 12)
3(57 49 61)
3(24 11 12)
3(61 49 48)
3(25 20 13)
3(62 50 57)
3(28 21 19)
3(65 56 58)
3(28 19 15)
3(65 52 56)
3(16 29 14)
3(53 51 66)
3(29 30 14)
3(66 51 67)
3(30 26 17)
3(67 54 63)
3(30 17 14)
3(67 51 54)
3(32 29 16)
3(69 53 66)
3(28 32 21)
3(65 58 69)
3(21 32 16)
3(58 53 69)
3(31 33 20)
3(68 57 70)
3(33 24 20)
3(70 57 61)
3(34 31 27)
3(71 64 68)
3(34 33 31)
3(71 68 70)
3(36 35 34)
3(73 71 72)
3(36 34 27)
3(73 64 71)
4(18 55 52 15)
4(22 59 60 23)
4(23 60 55 18)
4(24 61 59 22)
4(28 15 52 65)
4(29 66 67 30)
4(30 67 63 26)
4(32 69 66 29)
4(28 65 69 32)
4(33 70 61 24)
4(34 71 70 33)
4(34 35 72 71)
4(5 17 54 42)
4(17 26 63 54)
4(36 73 72 35)
4(25 62 57 20)
4(20 57 68 31)
4(27 31 68 64)
4(36 27 64 73)
4(25 13 50 62)
)


// ************************************************************************* //
