/*--------------------------------*- C++ -*----------------------------------*\
| =========                 |                                                 |
| \\      /  F ield         | OpenFOAM: The Open Source CFD Toolbox           |
|  \\    /   O peration     | Version:  2412                                  |
|   \\  /    A nd           | Website:  www.openfoam.com                      |
|    \\/     M anipulation  |                                                 |
\*---------------------------------------------------------------------------*/
FoamFile
{
    version     2.0;
    format      ascii;
    arch        "LSB;label=32;scalar=64";
    class       vectorField;
    location    "constant/polyMesh";
    object      points;
}
// * * * * * * * * * * * * * * * * * * * * * * * * * * * * * * * * * * * * * //


74
(
(0 0 0.9377383239)
(0 2 0.9377383239)
(0 4 0.9377383239)
(0 6 0.9377383239)
(0 8 0.9377383239)
(0 10 0.9377383239)
(2 0 0.9377383239)
(4 0 0.9377383239)
(6 0 0.9377383239)
(8 0 0.9377383239)
(10 0 0.9377383239)
(12 0 0.9377383239)
(14 0 0.9377383239)
(16 0 0.9377383239)
(1.732050808 9 0.9377383239)
(5 1.732050808 0.9377383239)
(1.732050808 7 0.9377383239)
(1.732050808 11 0.9377383239)
(7 1.732050808 0.9377383239)
(1.732050808 3 0.9377383239)
(15 1.732050808 0.9377383239)
(1.732050808 5 0.9377383239)
(11 1.732050808 0.9377383239)
(9 1.732050808 0.9377383239)
(13 1.732050808 0.9377383239)
(17 1.732050808 0.9377383239)
(4 12 0.9377383239)
(16 8 0.9377383239)
(4 4 0.9377383239)
(4.786254496 8 0.9377383239)
(3.527415882 10 0.9377383239)
(16 4.786254496 0.9377383239)
(3.527415882 6 0.9377383239)
(14 3.750279031 0.9377383239)
(14.20235618 6.393127248 0.9377383239)
(13.25544668 9.755592708 0.9377383239)
(15.09408747 9.606872752 0.9377383239)
(0 0 -0.9377383239)
(0 2 -0.9377383239)
(0 4 -0.9377383239)
(0 6 -0.9377383239)
(0 8 -0.9377383239)
(0 10 -0.9377383239)
(2 0 -0.9377383239)
(4 0 -0.9377383239)
(6 0 -0.9377383239)
(8 0 -0.9377383239)
(10 0 -0.9377383239)
(12 0 -0.9377383239)
(14 0 -0.9377383239)
(16 0 -0.9377383239)
(1.732050808 9 -0.9377383239)
(5 1.732050808 -0.9377383239)
(1.732050808 7 -0.9377383239)
(1.732050808 11 -0.9377383239)
(7 1.732050808 -0.9377383239)
(1.732050808 3 -0.9377383239)
(15 1.732050808 -0.9377383239)
(1.732050808 5 -0.9377383239)
(11 1.732050808 -0.9377383239)
(9 1.732050808 -0.9377383239)
(13 1.732050808 -0.9377383239)
(17 1.732050808 -0.9377383239)
(4 12 -0.9377383239)
(16 8 -0.9377383239)
(4 4 -0.9377383239)
(4.786254496 8 -0.9377383239)
(3.527415882 10 -0.9377383239)
(16 4.786254496 -0.9377383239)
(3.527415882 6 -0.9377383239)
(14 3.750279031 -0.9377383239)
(14.20235618 6.393127248 -0.9377383239)
(13.25544668 9.755592708 -0.9377383239)
(15.09408747 9.606872752 -0.9377383239)
)


// ************************************************************************* //
