/*--------------------------------*- C++ -*----------------------------------*\
| =========                 |                                                 |
| \\      /  F ield         | OpenFOAM: The Open Source CFD Toolbox           |
|  \\    /   O peration     | Version:  2412                                  |
|   \\  /    A nd           | Website:  www.openfoam.com                      |
|    \\/     M anipulation  |                                                 |
\*---------------------------------------------------------------------------*/
FoamFile
{
    version     2.0;
    format      ascii;
    arch        "LSB;label=32;scalar=64";
    class       faceList;
    location    "constant/polyMesh";
    object      faces;
}
// * * * * * * * * * * * * * * * * * * * * * * * * * * * * * * * * * * * * * //


141
(
4(7 35 32 4)
4(7 3 31 35)
4(0 8 36 28)
4(6 34 36 8)
4(8 36 29 1)
4(4 9 37 32)
4(7 35 37 9)
4(10 3 31 38)
4(10 38 35 7)
4(10 2 30 38)
4(1 11 39 29)
4(8 36 39 11)
4(11 2 30 39)
4(11 39 38 10)
4(13 41 36 8)
4(8 16 44 36)
4(13 41 44 16)
4(16 44 39 11)
4(7 19 47 35)
4(10 38 47 19)
4(17 20 48 45)
4(22 17 45 50)
4(15 43 51 23)
4(12 23 51 40)
4(19 15 43 47)
4(19 47 51 23)
4(20 48 52 24)
4(17 24 52 45)
4(24 52 49 21)
4(24 14 42 52)
4(24 12 40 52)
4(24 52 51 23)
4(17 23 51 45)
4(19 47 53 25)
4(7 25 53 35)
4(25 15 43 53)
4(18 46 53 25)
4(25 9 37 53)
4(11 26 54 39)
4(16 44 54 26)
4(26 10 38 54)
4(26 54 47 19)
4(23 51 55 27)
4(17 27 55 45)
4(27 55 54 26)
4(27 16 44 55)
4(19 27 55 47)
4(27 55 50 22)
4(13 27 55 41)
4(3 4 32 31)
4(0 1 29 28)
4(4 5 33 32)
4(2 3 31 30)
4(1 2 30 29)
3(7 4 3)
3(35 31 32)
3(6 8 0)
3(34 28 36)
3(8 1 0)
3(36 28 29)
3(7 9 4)
3(35 32 37)
3(9 5 4)
3(37 32 33)
3(10 7 3)
3(38 31 35)
3(10 3 2)
3(38 30 31)
3(8 11 1)
3(36 29 39)
3(11 10 2)
3(39 30 38)
3(11 2 1)
3(39 29 30)
3(13 8 6)
3(41 34 36)
3(13 16 8)
3(41 36 44)
3(16 11 8)
3(44 36 39)
3(10 19 7)
3(38 35 47)
3(22 20 17)
3(50 45 48)
3(15 23 12)
3(43 40 51)
3(19 23 15)
3(47 43 51)
3(20 24 17)
3(48 45 52)
3(24 21 14)
3(52 42 49)
3(21 24 20)
3(49 48 52)
3(24 14 12)
3(52 40 42)
3(24 23 17)
3(52 45 51)
3(23 24 12)
3(51 40 52)
3(19 25 7)
3(47 35 53)
3(25 19 15)
3(53 43 47)
3(18 25 15)
3(46 43 53)
3(25 18 9)
3(53 37 46)
3(25 9 7)
3(53 35 37)
3(16 26 11)
3(44 39 54)
3(26 19 10)
3(54 38 47)
3(11 26 10)
3(39 38 54)
3(23 27 17)
3(51 45 55)
3(27 26 16)
3(55 44 54)
3(26 27 19)
3(54 47 55)
3(27 23 19)
3(55 47 51)
3(27 22 17)
3(55 45 50)
3(22 27 13)
3(50 41 55)
3(27 16 13)
3(55 41 44)
4(14 21 49 42)
4(21 20 48 49)
4(6 0 28 34)
4(13 6 34 41)
4(22 50 48 20)
4(13 41 50 22)
4(12 14 42 40)
4(9 37 33 5)
4(18 46 37 9)
4(12 40 43 15)
4(18 15 43 46)
)


// ************************************************************************* //
