/*--------------------------------*- C++ -*----------------------------------*\
| =========                 |                                                 |
| \\      /  F ield         | OpenFOAM: The Open Source CFD Toolbox           |
|  \\    /   O peration     | Version:  2412                                  |
|   \\  /    A nd           | Website:  www.openfoam.com                      |
|    \\/     M anipulation  |                                                 |
\*---------------------------------------------------------------------------*/
FoamFile
{
    version     2.0;
    format      ascii;
    arch        "LSB;label=32;scalar=64";
    class       faceList;
    location    "constant/polyMesh";
    object      faces;
}
// * * * * * * * * * * * * * * * * * * * * * * * * * * * * * * * * * * * * * //


144
(
4(13 5 37 45)
4(13 45 38 6)
4(14 8 40 46)
4(14 46 32 0)
4(15 47 34 2)
4(16 5 37 48)
4(6 17 49 38)
4(13 45 49 17)
4(17 49 39 7)
4(18 50 43 11)
4(18 10 42 50)
4(7 19 51 39)
4(17 49 51 19)
4(19 8 40 51)
4(19 51 46 14)
4(2 20 52 34)
4(15 47 52 20)
4(11 22 54 43)
4(18 50 54 22)
4(22 54 44 12)
4(23 10 42 55)
4(23 55 50 18)
4(9 23 55 41)
4(21 53 55 23)
4(24 17 49 56)
4(24 56 54 22)
4(17 22 54 49)
4(25 21 53 57)
4(25 57 55 23)
4(14 27 59 46)
4(25 57 59 27)
4(25 14 46 57)
4(0 27 59 32)
4(28 25 57 60)
4(28 60 59 27)
4(23 55 61 29)
4(18 29 61 50)
4(29 61 57 25)
4(29 14 46 61)
4(19 51 61 29)
4(27 30 62 59)
4(31 63 54 22)
4(31 18 50 63)
4(17 31 63 49)
4(31 63 51 19)
4(31 63 61 29)
4(5 6 38 37)
4(8 0 32 40)
4(1 2 34 33)
4(4 5 37 36)
4(6 7 39 38)
4(10 11 43 42)
4(7 8 40 39)
4(2 3 35 34)
4(11 12 44 43)
4(9 10 42 41)
3(13 6 5)
3(45 37 38)
3(14 0 8)
3(46 40 32)
3(15 2 1)
3(47 33 34)
3(16 13 5)
3(48 37 45)
3(16 5 4)
3(48 36 37)
3(13 17 6)
3(45 38 49)
3(17 7 6)
3(49 38 39)
3(18 11 10)
3(50 42 43)
3(17 19 7)
3(49 39 51)
3(19 14 8)
3(51 40 46)
3(19 8 7)
3(51 39 40)
3(15 20 2)
3(47 34 52)
3(20 3 2)
3(52 34 35)
3(18 22 11)
3(50 43 54)
3(22 12 11)
3(54 43 44)
3(23 18 10)
3(55 42 50)
3(21 23 9)
3(53 41 55)
3(23 10 9)
3(55 41 42)
3(24 22 17)
3(56 49 54)
3(24 17 13)
3(56 45 49)
3(22 24 12)
3(54 44 56)
3(25 23 21)
3(57 53 55)
3(26 20 15)
3(58 47 52)
3(25 27 14)
3(57 46 59)
3(14 27 0)
3(46 32 59)
3(28 27 25)
3(60 57 59)
3(28 25 21)
3(60 53 57)
3(23 29 18)
3(55 50 61)
3(29 25 14)
3(61 46 57)
3(25 29 23)
3(57 55 61)
3(19 29 14)
3(51 46 61)
3(28 30 27)
3(60 59 62)
3(27 30 0)
3(59 32 62)
3(31 22 18)
3(63 50 54)
3(22 31 17)
3(54 49 63)
3(31 19 17)
3(63 49 51)
3(31 29 19)
3(63 51 61)
3(29 31 18)
3(61 50 63)
4(20 52 35 3)
4(26 58 52 20)
4(16 48 45 13)
4(16 4 36 48)
4(24 13 45 56)
4(12 24 56 44)
4(15 1 33 47)
4(26 15 47 58)
4(0 30 62 32)
4(21 9 41 53)
4(28 21 53 60)
4(30 28 60 62)
)


// ************************************************************************* //
