/*--------------------------------*- C++ -*----------------------------------*\
| =========                 |                                                 |
| \\      /  F ield         | OpenFOAM: The Open Source CFD Toolbox           |
|  \\    /   O peration     | Version:  2412                                  |
|   \\  /    A nd           | Website:  www.openfoam.com                      |
|    \\/     M anipulation  |                                                 |
\*---------------------------------------------------------------------------*/
FoamFile
{
    version     2.0;
    format      ascii;
    arch        "LSB;label=32;scalar=64";
    class       faceList;
    location    "constant/polyMesh";
    object      faces;
}
// * * * * * * * * * * * * * * * * * * * * * * * * * * * * * * * * * * * * * //


558
(
4(23 120 116 19)
4(23 20 117 120)
4(24 121 106 9)
4(24 10 107 121)
4(25 122 119 22)
4(25 5 102 122)
4(26 123 112 15)
4(23 120 124 27)
4(28 20 117 125)
4(28 125 120 23)
4(28 21 118 125)
4(9 29 126 106)
4(24 121 126 29)
4(29 126 105 8)
4(30 10 107 127)
4(30 127 121 24)
4(30 11 108 127)
4(31 21 118 128)
4(31 128 125 28)
4(22 31 128 119)
4(25 122 128 31)
4(32 129 97 0)
4(32 18 115 129)
4(33 5 102 130)
4(33 130 122 25)
4(33 6 103 130)
4(34 131 109 12)
4(35 3 100 132)
4(15 36 133 112)
4(26 123 133 36)
4(36 133 113 16)
4(8 37 134 105)
4(29 126 134 37)
4(37 134 104 7)
4(0 38 135 97)
4(32 129 135 38)
4(38 135 98 1)
4(39 18 115 136)
4(39 136 129 32)
4(39 17 114 136)
4(7 40 137 104)
4(37 134 137 40)
4(40 6 103 137)
4(40 137 130 33)
4(41 11 108 138)
4(41 138 127 30)
4(12 41 138 109)
4(34 131 138 41)
4(42 3 100 139)
4(42 139 132 35)
4(42 2 99 139)
4(43 17 114 140)
4(43 140 136 39)
4(16 43 140 113)
4(36 133 140 43)
4(1 44 141 98)
4(38 135 141 44)
4(44 2 99 141)
4(44 141 139 42)
4(48 145 124 27)
4(48 23 120 145)
4(50 36 133 147)
4(50 147 140 43)
4(52 38 135 149)
4(52 149 141 44)
4(39 136 151 54)
4(32 54 151 129)
4(42 139 153 56)
4(48 145 156 59)
4(60 23 120 157)
4(60 157 145 48)
4(28 125 157 60)
4(61 36 133 158)
4(61 158 147 50)
4(26 61 158 123)
4(49 146 158 61)
4(63 39 136 160)
4(63 160 151 54)
4(43 63 160 140)
4(50 147 160 63)
4(64 37 134 161)
4(64 161 137 40)
4(32 66 163 129)
4(54 151 163 66)
4(66 38 135 163)
4(66 163 149 52)
4(46 51 148 143)
4(68 165 148 51)
4(68 46 143 165)
4(34 69 166 131)
4(55 152 166 69)
4(69 166 138 41)
4(44 70 167 141)
4(52 149 167 70)
4(70 42 139 167)
4(70 167 153 56)
4(30 127 168 71)
4(24 71 168 121)
4(47 72 169 144)
4(58 47 144 155)
4(58 155 169 72)
4(60 157 170 73)
4(53 73 170 150)
4(60 53 150 157)
4(73 28 125 170)
4(31 128 170 73)
4(73 170 165 68)
4(53 68 165 150)
4(61 158 171 74)
4(50 74 171 147)
4(74 49 146 171)
4(74 171 164 67)
4(50 67 164 147)
4(45 74 171 142)
4(67 45 142 164)
4(75 172 145 48)
4(75 45 142 172)
4(45 48 145 142)
4(75 172 156 59)
4(76 173 172 75)
4(76 45 142 173)
4(62 76 173 159)
4(75 62 159 172)
4(76 173 171 74)
4(76 49 146 173)
4(50 77 174 147)
4(67 164 174 77)
4(77 174 160 63)
4(54 77 174 151)
4(78 37 134 175)
4(78 175 161 64)
4(78 29 126 175)
4(79 176 161 64)
4(51 64 161 148)
4(79 51 148 176)
4(40 79 176 137)
4(33 79 176 130)
4(80 177 162 65)
4(80 52 149 177)
4(52 65 162 149)
4(47 81 178 144)
4(65 162 178 81)
4(65 47 144 162)
4(81 178 154 57)
4(47 57 154 144)
4(82 179 178 81)
4(82 65 162 179)
4(64 161 179 82)
4(51 82 179 148)
4(78 175 179 82)
4(57 82 179 154)
4(57 78 175 154)
4(46 82 179 143)
4(82 179 177 80)
4(46 80 177 143)
4(83 180 163 66)
4(83 54 151 180)
4(80 177 180 83)
4(46 83 180 143)
4(83 52 149 180)
4(48 84 181 145)
4(60 157 181 84)
4(84 45 142 181)
4(84 181 164 67)
4(53 84 181 150)
4(67 53 150 164)
4(68 165 182 85)
4(51 85 182 148)
4(73 170 182 85)
4(85 31 128 182)
4(85 25 122 182)
4(68 165 183 86)
4(53 86 183 150)
4(86 183 180 83)
4(86 54 151 183)
4(46 86 183 143)
4(77 174 183 86)
4(86 67 164 183)
4(87 30 127 184)
4(87 184 168 71)
4(41 87 184 138)
4(69 166 184 87)
4(88 185 162 65)
4(88 47 144 185)
4(88 52 149 185)
4(88 185 167 70)
4(72 169 185 88)
4(88 56 153 185)
4(56 72 169 153)
4(89 47 144 186)
4(89 186 155 58)
4(71 89 186 168)
4(87 184 186 89)
4(57 89 186 154)
4(71 57 154 168)
4(90 187 169 72)
4(76 173 188 91)
4(92 189 172 75)
4(78 175 190 93)
4(57 93 190 154)
4(93 29 126 190)
4(93 24 121 190)
4(93 190 168 71)
4(94 191 182 85)
4(94 25 122 191)
4(51 94 191 148)
4(94 191 176 79)
4(33 94 191 130)
4(72 95 192 169)
4(89 186 193 96)
4(96 193 166 69)
4(96 87 184 193)
4(20 19 116 117)
4(10 9 106 107)
4(5 22 119 102)
4(14 15 112 111)
4(21 20 117 118)
4(9 8 105 106)
4(11 10 107 108)
4(22 21 118 119)
4(18 0 97 115)
4(6 5 102 103)
4(13 12 109 110)
4(3 4 101 100)
4(15 16 113 112)
4(8 7 104 105)
4(0 1 98 97)
4(17 18 115 114)
4(7 6 103 104)
4(12 11 108 109)
4(2 3 100 99)
4(16 17 114 113)
4(1 2 99 98)
3(23 19 20)
3(120 117 116)
3(24 9 10)
3(121 107 106)
3(25 22 5)
3(122 102 119)
3(26 15 14)
3(123 111 112)
3(23 27 19)
3(120 116 124)
3(28 23 20)
3(125 117 120)
3(28 20 21)
3(125 118 117)
3(24 29 9)
3(121 106 126)
3(29 8 9)
3(126 106 105)
3(30 24 10)
3(127 107 121)
3(30 10 11)
3(127 108 107)
3(31 28 21)
3(128 118 125)
3(25 31 22)
3(122 119 128)
3(31 21 22)
3(128 119 118)
3(32 0 18)
3(129 115 97)
3(33 25 5)
3(130 102 122)
3(33 5 6)
3(130 103 102)
3(34 12 13)
3(131 110 109)
3(35 4 3)
3(132 100 101)
3(26 36 15)
3(123 112 133)
3(36 16 15)
3(133 112 113)
3(29 37 8)
3(126 105 134)
3(37 7 8)
3(134 105 104)
3(32 38 0)
3(129 97 135)
3(38 1 0)
3(135 97 98)
3(39 32 18)
3(136 115 129)
3(39 18 17)
3(136 114 115)
3(37 40 7)
3(134 104 137)
3(40 33 6)
3(137 103 130)
3(40 6 7)
3(137 104 103)
3(41 30 11)
3(138 108 127)
3(34 41 12)
3(131 109 138)
3(41 11 12)
3(138 109 108)
3(42 35 3)
3(139 100 132)
3(42 3 2)
3(139 99 100)
3(43 39 17)
3(140 114 136)
3(36 43 16)
3(133 113 140)
3(43 17 16)
3(140 113 114)
3(38 44 1)
3(135 98 141)
3(44 42 2)
3(141 99 139)
3(44 2 1)
3(141 98 99)
3(48 27 23)
3(145 120 124)
3(50 43 36)
3(147 133 140)
3(52 44 38)
3(149 135 141)
3(39 54 32)
3(136 129 151)
3(42 56 35)
3(139 132 153)
3(48 59 27)
3(145 124 156)
3(60 48 23)
3(157 120 145)
3(28 60 23)
3(125 120 157)
3(61 50 36)
3(158 133 147)
3(49 61 26)
3(146 123 158)
3(61 36 26)
3(158 123 133)
3(63 54 39)
3(160 136 151)
3(50 63 43)
3(147 140 160)
3(43 63 39)
3(140 136 160)
3(64 40 37)
3(161 134 137)
3(54 66 32)
3(151 129 163)
3(66 52 38)
3(163 135 149)
3(66 38 32)
3(163 129 135)
3(68 51 46)
3(165 143 148)
3(55 69 34)
3(152 131 166)
3(69 41 34)
3(166 131 138)
3(52 70 44)
3(149 141 167)
3(70 56 42)
3(167 139 153)
3(44 70 42)
3(141 139 167)
3(30 71 24)
3(127 121 168)
3(58 72 47)
3(155 144 169)
3(60 73 53)
3(157 150 170)
3(73 60 28)
3(170 125 157)
3(31 73 28)
3(128 125 170)
3(73 68 53)
3(170 150 165)
3(61 74 50)
3(158 147 171)
3(74 61 49)
3(171 146 158)
3(74 67 50)
3(171 147 164)
3(67 74 45)
3(164 142 171)
3(75 48 45)
3(172 142 145)
3(75 59 48)
3(172 145 156)
3(76 75 45)
3(173 142 172)
3(75 76 62)
3(172 159 173)
3(76 74 49)
3(173 146 171)
3(74 76 45)
3(171 142 173)
3(67 77 50)
3(164 147 174)
3(77 63 50)
3(174 147 160)
3(63 77 54)
3(160 151 174)
3(78 64 37)
3(175 134 161)
3(78 37 29)
3(175 126 134)
3(79 64 51)
3(176 148 161)
3(64 79 40)
3(161 137 176)
3(40 79 33)
3(137 130 176)
3(80 65 52)
3(177 149 162)
3(65 81 47)
3(162 144 178)
3(81 57 47)
3(178 144 154)
3(82 81 65)
3(179 162 178)
3(64 82 51)
3(161 148 179)
3(78 82 64)
3(175 161 179)
3(81 82 57)
3(178 154 179)
3(82 78 57)
3(179 154 175)
3(51 82 46)
3(148 143 179)
3(82 80 46)
3(179 143 177)
3(80 82 65)
3(177 162 179)
3(83 66 54)
3(180 151 163)
3(80 83 46)
3(177 143 180)
3(83 80 52)
3(180 149 177)
3(66 83 52)
3(163 149 180)
3(60 84 48)
3(157 145 181)
3(84 67 45)
3(181 142 164)
3(48 84 45)
3(145 142 181)
3(67 84 53)
3(164 150 181)
3(84 60 53)
3(181 150 157)
3(68 85 51)
3(165 148 182)
3(73 85 68)
3(170 165 182)
3(85 73 31)
3(182 128 170)
3(85 31 25)
3(182 122 128)
3(68 86 53)
3(165 150 183)
3(86 83 54)
3(183 151 180)
3(83 86 46)
3(180 143 183)
3(86 68 46)
3(183 143 165)
3(77 86 54)
3(174 151 183)
3(86 77 67)
3(183 164 174)
3(86 67 53)
3(183 150 164)
3(87 71 30)
3(184 127 168)
3(69 87 41)
3(166 138 184)
3(41 87 30)
3(138 127 184)
3(88 65 47)
3(185 144 162)
3(88 70 52)
3(185 149 167)
3(65 88 52)
3(162 149 185)
3(72 88 47)
3(169 144 185)
3(88 72 56)
3(185 153 169)
3(70 88 56)
3(167 153 185)
3(89 58 47)
3(186 144 155)
3(87 89 71)
3(184 168 186)
3(71 89 57)
3(168 154 186)
3(57 89 47)
3(154 144 186)
3(90 72 58)
3(187 155 169)
3(76 91 62)
3(173 159 188)
3(91 76 49)
3(188 146 173)
3(92 75 62)
3(189 159 172)
3(75 92 59)
3(172 156 189)
3(78 93 57)
3(175 154 190)
3(93 78 29)
3(190 126 175)
3(93 29 24)
3(190 121 126)
3(93 71 57)
3(190 154 168)
3(71 93 24)
3(168 121 190)
3(94 85 25)
3(191 122 182)
3(85 94 51)
3(182 148 191)
3(94 79 51)
3(191 148 176)
3(79 94 33)
3(176 130 191)
3(33 94 25)
3(130 122 191)
3(90 95 72)
3(187 169 192)
3(72 95 56)
3(169 153 192)
3(89 96 58)
3(186 155 193)
3(96 69 55)
3(193 152 166)
3(96 89 87)
3(193 184 186)
3(96 87 69)
3(193 166 184)
4(13 110 131 34)
4(35 132 101 4)
4(55 34 131 152)
4(56 153 132 35)
4(90 58 155 187)
4(95 90 187 192)
4(56 95 192 153)
4(96 193 155 58)
4(55 152 193 96)
4(26 14 111 123)
4(19 27 124 116)
4(26 123 146 49)
4(27 59 156 124)
4(62 91 188 159)
4(91 49 146 188)
4(62 159 189 92)
4(59 92 189 156)
)


// ************************************************************************* //
