/*--------------------------------*- C++ -*----------------------------------*\
| =========                 |                                                 |
| \\      /  F ield         | OpenFOAM: The Open Source CFD Toolbox           |
|  \\    /   O peration     | Version:  2412                                  |
|   \\  /    A nd           | Website:  www.openfoam.com                      |
|    \\/     M anipulation  |                                                 |
\*---------------------------------------------------------------------------*/
FoamFile
{
    version     2.0;
    format      ascii;
    arch        "LSB;label=32;scalar=64";
    class       labelList;
    location    "constant/polyMesh";
    object      faceProcAddressing;
}
// * * * * * * * * * * * * * * * * * * * * * * * * * * * * * * * * * * * * * //


558
(
17
18
27
28
41
42
102
105
107
108
109
136
137
138
139
140
141
168
169
170
171
172
173
174
175
176
221
228
267
268
269
305
306
307
328
329
330
331
332
333
334
335
336
337
372
373
374
375
376
377
378
382
383
384
385
427
428
429
430
473
474
477
478
520
521
522
523
546
596
598
599
600
604
605
606
607
608
609
610
611
663
664
665
666
667
668
669
670
671
702
703
704
718
719
720
721
722
723
728
729
730
825
826
827
828
829
830
831
836
837
838
839
840
841
842
843
844
845
846
850
851
852
853
854
855
856
857
858
859
923
924
925
926
927
928
929
930
931
932
933
934
935
936
937
938
939
940
941
942
943
944
945
946
947
948
949
950
951
952
953
954
955
956
957
958
959
960
961
962
963
964
965
966
967
968
969
970
971
1005
1006
1007
1008
1029
1030
1031
1032
1033
1034
1035
1036
1037
1038
1039
1040
1041
1043
1116
1126
1192
1193
1194
1195
1196
1197
1198
1199
1200
1201
1227
1231
1233
1234
1310
1314
1320
1336
1338
1345
1346
1354
1355
1356
1366
1368
1375
1381
1386
1387
1388
1394
1395
1396
1400
1477
1478
1487
1488
1503
1504
1581
1582
1583
1584
1587
1588
1589
1590
1627
1628
1629
1630
1631
1632
1633
1634
1671
1672
1673
1674
1675
1676
1677
1678
1679
1680
1681
1682
1741
1742
1751
1752
1807
1808
1809
1810
1859
1860
1861
1862
1891
1892
1893
1894
1895
1896
1897
1898
1899
1900
1901
1902
1903
1904
1957
1958
1959
1960
1961
1962
1963
1964
1965
1966
1971
1972
1973
1974
1975
1976
2041
2042
2043
2044
2045
2046
2097
2098
2101
2102
2157
2158
2159
2160
2189
2190
2255
2256
2259
2260
2261
2262
2267
2268
2269
2270
2271
2272
2273
2274
2275
2276
2277
2278
2347
2348
2349
2350
2351
2352
2353
2354
2355
2356
2399
2400
2401
2402
2419
2420
2421
2422
2423
2424
2425
2426
2431
2432
2551
2552
2553
2554
2555
2556
2557
2558
2565
2566
2567
2568
2569
2570
2571
2572
2573
2574
2575
2576
2581
2582
2583
2584
2585
2586
2587
2588
2589
2590
2591
2592
2593
2594
2685
2686
2687
2688
2689
2690
2691
2692
2693
2694
2695
2696
2697
2698
2699
2700
2701
2702
2703
2704
2705
2706
2707
2708
2709
2710
2711
2712
2713
2714
2715
2716
2717
2718
2719
2720
2721
2722
2723
2724
2725
2726
2727
2728
2729
2730
2731
2732
2733
2734
2735
2736
2737
2738
2739
2740
2741
2742
2743
2744
2745
2746
2747
2748
2749
2750
2751
2752
2753
2754
2755
2756
2799
2800
2801
2802
2803
2804
2833
2834
2835
2836
2837
2838
2839
2840
2841
2842
2843
2844
2845
2846
2847
2848
2849
2850
2851
2852
2853
2854
2973
2974
2975
2976
2989
2990
2991
2992
3093
3094
3095
3096
3097
3098
3099
3100
3101
3102
3103
3104
3105
3106
3107
3108
3109
3110
3111
3112
3149
3150
3151
3152
3157
3158
3161
3162
3163
3164
3165
3166
-219
-226
-537
-544
1042
-1226
1228
-1229
-1232
103
104
-476
595
1117
1118
-1123
1127
)


// ************************************************************************* //
