/*--------------------------------*- C++ -*----------------------------------*\
| =========                 |                                                 |
| \\      /  F ield         | OpenFOAM: The Open Source CFD Toolbox           |
|  \\    /   O peration     | Version:  2412                                  |
|   \\  /    A nd           | Website:  www.openfoam.com                      |
|    \\/     M anipulation  |                                                 |
\*---------------------------------------------------------------------------*/
FoamFile
{
    version     2.0;
    format      ascii;
    arch        "LSB;label=32;scalar=64";
    note        "nPoints:194  nCells:154  nFaces:558  nInternalFaces:212";
    class       labelList;
    location    "constant/polyMesh";
    object      neighbour;
}
// * * * * * * * * * * * * * * * * * * * * * * * * * * * * * * * * * * * * * //


212
(
4
5
7
9
12
15
19
41
6
48
11
8
140
21
10
65
30
13
69
13
112
23
25
16
147
28
31
33
20
51
36
22
85
27
24
58
38
26
44
35
29
55
29
88
32
122
32
61
34
45
39
37
54
37
42
40
43
40
64
46
47
49
53
57
62
52
56
63
76
48
104
68
51
71
51
72
54
83
54
82
84
87
58
100
58
103
97
109
116
61
151
121
64
124
64
128
120
142
126
129
133
68
70
108
69
111
110
113
72
73
79
74
81
80
105
76
77
106
137
78
80
134
136
80
135
82
118
83
117
85
94
139
87
93
145
88
146
99
102
125
91
92
123
95
132
95
99
94
97
96
96
138
98
99
101
103
114
102
115
103
106
108
106
107
108
119
110
144
111
112
143
116
119
115
117
116
118
119
122
130
122
153
125
126
125
128
127
128
149
132
150
131
152
132
141
148
135
137
139
141
140
142
142
144
147
145
146
147
149
152
153
153
)


// ************************************************************************* //
