/*--------------------------------*- C++ -*----------------------------------*\
| =========                 |                                                 |
| \\      /  F ield         | OpenFOAM: The Open Source CFD Toolbox           |
|  \\    /   O peration     | Version:  2412                                  |
|   \\  /    A nd           | Website:  www.openfoam.com                      |
|    \\/     M anipulation  |                                                 |
\*---------------------------------------------------------------------------*/
FoamFile
{
    version     2.0;
    format      ascii;
    arch        "LSB;label=32;scalar=64";
    class       vectorField;
    location    "constant/polyMesh";
    object      points;
}
// * * * * * * * * * * * * * * * * * * * * * * * * * * * * * * * * * * * * * //


194
(
(32 16 0.9377383239)
(33.9429245 16.11834526 0.9377383239)
(35.84160614 16.46798134 0.9377383239)
(37.67648315 17.04080009 0.9377383239)
(39.42799377 17.82870483 0.9377383239)
(32 0 0.9377383239)
(33.63676071 0.04188450798 0.9377383239)
(35.33975601 0.1747556031 0.9377383239)
(37.08615875 0.4067868292 0.9377383239)
(38.85028076 0.7418196201 0.9377383239)
(40.60504913 1.178688288 0.9377383239)
(42.32373047 1.711047173 0.9377383239)
(43.97992325 2.327089787 0.9377383239)
(45.54706573 3.009015799 0.9377383239)
(22 16 0.9377383239)
(24 16 0.9377383239)
(26 16 0.9377383239)
(28 16 0.9377383239)
(30 16 0.9377383239)
(24 0 0.9377383239)
(26 0 0.9377383239)
(28 0 0.9377383239)
(30 0 0.9377383239)
(25 1.732050808 0.9377383239)
(39.34932558 2.479927941 0.9377383239)
(31 1.732050808 0.9377383239)
(23 14.26794919 0.9377383239)
(23 1.732050808 0.9377383239)
(27 1.732050808 0.9377383239)
(37.67807285 2.1020777 0.9377383239)
(41.00335348 2.933289428 0.9377383239)
(29 1.732050808 0.9377383239)
(31 14.26794919 0.9377383239)
(32.78210731 1.43841861 0.9377383239)
(44.17292924 4.025237997 0.9377383239)
(39.23458398 15.91789977 0.9377383239)
(25 14.26794919 0.9377383239)
(36.01201245 1.803200355 0.9377383239)
(33.07395225 14.37655066 0.9377383239)
(29 14.26794919 0.9377383239)
(34.37318862 1.583157248 0.9377383239)
(42.6183183 3.4533735 0.9377383239)
(37.25512024 15.16534061 0.9377383239)
(27 14.26794919 0.9377383239)
(35.19505905 14.64885677 0.9377383239)
(24 8 0.9377383239)
(32.93273334 7.907378535 0.9377383239)
(38.70751812 8.065404429 0.9377383239)
(24 4.786254496 0.9377383239)
(22 10.89466187 0.9377383239)
(26 10.89466187 0.9377383239)
(33.29091299 4.662804944 0.9377383239)
(34.57163369 11.10772956 0.9377383239)
(28.45048436 6.421944493 0.9377383239)
(30 10.49016049 0.9377383239)
(44.2045241 6.023602412 0.9377383239)
(39.08037555 13.3439347 0.9377383239)
(37.86968365 5.139519653 0.9377383239)
(41.85378751 8.22127786 0.9377383239)
(22 3.750279031 0.9377383239)
(26 3.750279031 0.9377383239)
(24 12.13663544 0.9377383239)
(20 7.37454998 0.9377383239)
(28 12.13663544 0.9377383239)
(34.947967 3.515145724 0.9377383239)
(35.80729881 8.455129127 0.9377383239)
(32.1596205 11.98012149 0.9377383239)
(26.62106743 8.327291706 0.9377383239)
(31.05823179 6.058388714 0.9377383239)
(42.91548875 5.044550552 0.9377383239)
(36.65729927 12.56598379 0.9377383239)
(39.70667275 4.420124246 0.9377383239)
(40.1581829 10.61536823 0.9377383239)
(28.37072698 4.035459044 0.9377383239)
(24.10122662 10.06831772 0.9377383239)
(22.03406597 6.133048428 0.9377383239)
(21.84912781 8.652162281 0.9377383239)
(27.93155067 10.01553512 0.9377383239)
(36.76629605 3.684359935 0.9377383239)
(33.45043844 2.909175345 0.9377383239)
(34.15676841 9.30036605 0.9377383239)
(37.08110041 6.948232839 0.9377383239)
(34.69796579 6.460191486 0.9377383239)
(32.03739626 9.847170172 0.9377383239)
(25.53161771 6.393127248 0.9377383239)
(31.25669332 3.892156607 0.9377383239)
(30.02102654 8.152951499 0.9377383239)
(41.38794289 4.506498635 0.9377383239)
(37.52390943 10.24349048 0.9377383239)
(40.35916741 6.558542 0.9377383239)
(42.05421565 9.977639164 0.9377383239)
(18.74455332 9.755592708 0.9377383239)
(19.54692321 5.429470527 0.9377383239)
(38.24437328 3.482246508 0.9377383239)
(32.0666191 2.650773408 0.9377383239)
(42.06600987 11.75247752 0.9377383239)
(42.03250141 6.557514335 0.9377383239)
(32 16 -0.9377383239)
(33.9429245 16.11834526 -0.9377383239)
(35.84160614 16.46798134 -0.9377383239)
(37.67648315 17.04080009 -0.9377383239)
(39.42799377 17.82870483 -0.9377383239)
(32 0 -0.9377383239)
(33.63676071 0.04188450798 -0.9377383239)
(35.33975601 0.1747556031 -0.9377383239)
(37.08615875 0.4067868292 -0.9377383239)
(38.85028076 0.7418196201 -0.9377383239)
(40.60504913 1.178688288 -0.9377383239)
(42.32373047 1.711047173 -0.9377383239)
(43.97992325 2.327089787 -0.9377383239)
(45.54706573 3.009015799 -0.9377383239)
(22 16 -0.9377383239)
(24 16 -0.9377383239)
(26 16 -0.9377383239)
(28 16 -0.9377383239)
(30 16 -0.9377383239)
(24 0 -0.9377383239)
(26 0 -0.9377383239)
(28 0 -0.9377383239)
(30 0 -0.9377383239)
(25 1.732050808 -0.9377383239)
(39.34932558 2.479927941 -0.9377383239)
(31 1.732050808 -0.9377383239)
(23 14.26794919 -0.9377383239)
(23 1.732050808 -0.9377383239)
(27 1.732050808 -0.9377383239)
(37.67807285 2.1020777 -0.9377383239)
(41.00335348 2.933289428 -0.9377383239)
(29 1.732050808 -0.9377383239)
(31 14.26794919 -0.9377383239)
(32.78210731 1.43841861 -0.9377383239)
(44.17292924 4.025237997 -0.9377383239)
(39.23458398 15.91789977 -0.9377383239)
(25 14.26794919 -0.9377383239)
(36.01201245 1.803200355 -0.9377383239)
(33.07395225 14.37655066 -0.9377383239)
(29 14.26794919 -0.9377383239)
(34.37318862 1.583157248 -0.9377383239)
(42.6183183 3.4533735 -0.9377383239)
(37.25512024 15.16534061 -0.9377383239)
(27 14.26794919 -0.9377383239)
(35.19505905 14.64885677 -0.9377383239)
(24 8 -0.9377383239)
(32.93273334 7.907378535 -0.9377383239)
(38.70751812 8.065404429 -0.9377383239)
(24 4.786254496 -0.9377383239)
(22 10.89466187 -0.9377383239)
(26 10.89466187 -0.9377383239)
(33.29091299 4.662804944 -0.9377383239)
(34.57163369 11.10772956 -0.9377383239)
(28.45048436 6.421944493 -0.9377383239)
(30 10.49016049 -0.9377383239)
(44.2045241 6.023602412 -0.9377383239)
(39.08037555 13.3439347 -0.9377383239)
(37.86968365 5.139519653 -0.9377383239)
(41.85378751 8.22127786 -0.9377383239)
(22 3.750279031 -0.9377383239)
(26 3.750279031 -0.9377383239)
(24 12.13663544 -0.9377383239)
(20 7.37454998 -0.9377383239)
(28 12.13663544 -0.9377383239)
(34.947967 3.515145724 -0.9377383239)
(35.80729881 8.455129127 -0.9377383239)
(32.1596205 11.98012149 -0.9377383239)
(26.62106743 8.327291706 -0.9377383239)
(31.05823179 6.058388714 -0.9377383239)
(42.91548875 5.044550552 -0.9377383239)
(36.65729927 12.56598379 -0.9377383239)
(39.70667275 4.420124246 -0.9377383239)
(40.1581829 10.61536823 -0.9377383239)
(28.37072698 4.035459044 -0.9377383239)
(24.10122662 10.06831772 -0.9377383239)
(22.03406597 6.133048428 -0.9377383239)
(21.84912781 8.652162281 -0.9377383239)
(27.93155067 10.01553512 -0.9377383239)
(36.76629605 3.684359935 -0.9377383239)
(33.45043844 2.909175345 -0.9377383239)
(34.15676841 9.30036605 -0.9377383239)
(37.08110041 6.948232839 -0.9377383239)
(34.69796579 6.460191486 -0.9377383239)
(32.03739626 9.847170172 -0.9377383239)
(25.53161771 6.393127248 -0.9377383239)
(31.25669332 3.892156607 -0.9377383239)
(30.02102654 8.152951499 -0.9377383239)
(41.38794289 4.506498635 -0.9377383239)
(37.52390943 10.24349048 -0.9377383239)
(40.35916741 6.558542 -0.9377383239)
(42.05421565 9.977639164 -0.9377383239)
(18.74455332 9.755592708 -0.9377383239)
(19.54692321 5.429470527 -0.9377383239)
(38.24437328 3.482246508 -0.9377383239)
(32.0666191 2.650773408 -0.9377383239)
(42.06600987 11.75247752 -0.9377383239)
(42.03250141 6.557514335 -0.9377383239)
)


// ************************************************************************* //
