/*--------------------------------*- C++ -*----------------------------------*\
| =========                 |                                                 |
| \\      /  F ield         | OpenFOAM: The Open Source CFD Toolbox           |
|  \\    /   O peration     | Version:  2412                                  |
|   \\  /    A nd           | Website:  www.openfoam.com                      |
|    \\/     M anipulation  |                                                 |
\*---------------------------------------------------------------------------*/
FoamFile
{
    version     2.0;
    format      ascii;
    arch        "LSB;label=32;scalar=64";
    class       faceList;
    location    "constant/polyMesh";
    object      faces;
}
// * * * * * * * * * * * * * * * * * * * * * * * * * * * * * * * * * * * * * //


145
(
4(1 8 37 30)
4(3 32 37 8)
4(1 13 42 30)
4(8 37 42 13)
4(13 0 29 42)
4(13 42 36 7)
4(14 3 32 43)
4(14 43 37 8)
4(14 2 31 43)
4(5 16 45 34)
4(10 39 45 16)
4(10 5 34 39)
4(16 45 37 8)
4(5 8 37 34)
4(12 41 45 16)
4(16 45 42 13)
4(7 16 45 36)
4(17 5 34 46)
4(4 19 48 33)
4(18 47 48 19)
4(19 2 31 48)
4(19 48 43 14)
4(20 49 40 11)
4(6 11 40 35)
4(20 6 35 49)
4(20 49 47 18)
4(8 37 50 21)
4(5 21 50 34)
4(14 43 50 21)
4(22 51 50 21)
4(22 15 44 51)
4(15 21 50 44)
4(5 22 51 34)
4(6 23 52 35)
4(24 5 34 53)
4(24 53 51 22)
4(9 22 51 38)
4(25 54 51 22)
4(25 15 44 54)
4(20 15 44 49)
4(20 49 54 25)
4(26 55 49 20)
4(26 15 44 55)
4(18 26 55 47)
4(26 55 48 19)
4(21 50 55 26)
4(26 14 43 55)
4(6 27 56 35)
4(28 20 49 57)
4(28 6 35 57)
3(3 8 1)
3(32 30 37)
3(8 13 1)
3(37 30 42)
3(13 7 0)
3(42 29 36)
3(1 13 0)
3(30 29 42)
3(14 8 3)
3(43 32 37)
3(14 3 2)
3(43 31 32)
3(10 16 5)
3(39 34 45)
3(16 8 5)
3(45 34 37)
3(12 16 10)
3(41 39 45)
3(16 13 8)
3(45 37 42)
3(13 16 7)
3(42 36 45)
3(16 12 7)
3(45 36 41)
3(17 10 5)
3(46 34 39)
3(18 19 4)
3(47 33 48)
3(19 14 2)
3(48 31 43)
3(4 19 2)
3(33 31 48)
3(20 11 6)
3(49 35 40)
3(20 18 11)
3(49 40 47)
3(8 21 5)
3(37 34 50)
3(14 21 8)
3(43 37 50)
3(22 21 15)
3(51 44 50)
3(21 22 5)
3(50 34 51)
3(11 23 6)
3(40 35 52)
3(24 17 5)
3(53 34 46)
3(24 22 9)
3(53 38 51)
3(22 24 5)
3(51 34 53)
3(25 22 15)
3(54 44 51)
3(22 25 9)
3(51 38 54)
3(20 25 15)
3(49 44 54)
3(26 20 15)
3(55 44 49)
3(20 26 18)
3(49 47 55)
3(26 19 18)
3(55 47 48)
3(21 26 15)
3(50 44 55)
3(26 21 14)
3(55 43 50)
3(19 26 14)
3(48 43 55)
3(23 27 6)
3(52 35 56)
3(28 25 20)
3(57 49 54)
3(28 20 6)
3(57 35 49)
3(27 28 6)
3(56 35 57)
4(9 25 54 38)
4(27 23 52 56)
4(28 57 54 25)
4(28 27 56 57)
4(1 0 29 30)
4(2 3 32 31)
4(3 1 30 32)
4(4 2 31 33)
4(11 18 47 40)
4(18 4 33 47)
4(11 40 52 23)
4(7 36 29 0)
4(12 10 39 41)
4(7 12 41 36)
4(17 46 39 10)
4(24 53 46 17)
4(9 38 53 24)
)


// ************************************************************************* //
