/*--------------------------------*- C++ -*----------------------------------*\
| =========                 |                                                 |
| \\      /  F ield         | OpenFOAM: The Open Source CFD Toolbox           |
|  \\    /   O peration     | Version:  2412                                  |
|   \\  /    A nd           | Website:  www.openfoam.com                      |
|    \\/     M anipulation  |                                                 |
\*---------------------------------------------------------------------------*/
FoamFile
{
    version     2.0;
    format      ascii;
    arch        "LSB;label=32;scalar=64";
    class       faceList;
    location    "constant/polyMesh";
    object      faces;
}
// * * * * * * * * * * * * * * * * * * * * * * * * * * * * * * * * * * * * * //


144
(
4(11 4 35 42)
4(11 42 36 5)
4(12 9 40 43)
4(13 1 32 44)
4(13 44 33 2)
4(14 4 35 45)
4(14 45 42 11)
4(14 3 34 45)
4(5 15 46 36)
4(11 42 46 15)
4(15 46 37 6)
4(16 9 40 47)
4(16 8 39 47)
4(17 1 32 48)
4(17 48 44 13)
4(2 18 49 33)
4(13 44 49 18)
4(18 3 34 49)
4(18 49 45 14)
4(6 19 50 37)
4(15 46 50 19)
4(19 50 38 7)
4(7 20 51 38)
4(19 50 51 20)
4(20 8 39 51)
4(20 51 47 16)
4(11 21 52 42)
4(14 45 52 21)
4(13 22 53 44)
4(11 23 54 42)
4(23 54 46 15)
4(24 14 45 55)
4(24 55 52 21)
4(18 49 55 24)
4(20 51 56 25)
4(15 26 57 46)
4(23 54 57 26)
4(26 57 50 19)
4(24 55 58 27)
4(13 28 59 44)
4(28 18 49 59)
4(28 59 55 24)
4(29 20 51 60)
4(19 29 60 50)
4(26 57 60 29)
4(30 61 57 26)
4(4 5 36 35)
4(9 10 41 40)
4(1 2 33 32)
4(3 4 35 34)
4(5 6 37 36)
4(8 9 40 39)
4(0 1 32 31)
4(2 3 34 33)
4(6 7 38 37)
4(7 8 39 38)
3(11 5 4)
3(42 35 36)
3(12 10 9)
3(43 40 41)
3(13 2 1)
3(44 32 33)
3(14 11 4)
3(45 35 42)
3(14 4 3)
3(45 34 35)
3(11 15 5)
3(42 36 46)
3(15 6 5)
3(46 36 37)
3(16 12 9)
3(47 40 43)
3(16 9 8)
3(47 39 40)
3(17 13 1)
3(48 32 44)
3(17 1 0)
3(48 31 32)
3(13 18 2)
3(44 33 49)
3(18 14 3)
3(49 34 45)
3(18 3 2)
3(49 33 34)
3(15 19 6)
3(46 37 50)
3(19 7 6)
3(50 37 38)
3(19 20 7)
3(50 38 51)
3(20 16 8)
3(51 39 47)
3(20 8 7)
3(51 38 39)
3(14 21 11)
3(45 42 52)
3(17 22 13)
3(48 44 53)
3(21 23 11)
3(52 42 54)
3(23 15 11)
3(54 42 46)
3(24 21 14)
3(55 45 52)
3(18 24 14)
3(49 45 55)
3(20 25 16)
3(51 47 56)
3(23 26 15)
3(54 46 57)
3(26 19 15)
3(57 46 50)
3(24 27 21)
3(55 52 58)
3(22 28 13)
3(53 44 59)
3(28 24 18)
3(59 49 55)
3(28 18 13)
3(59 44 49)
3(28 27 24)
3(59 55 58)
3(29 25 20)
3(60 51 56)
3(26 29 19)
3(57 50 60)
3(29 20 19)
3(60 50 51)
3(30 26 23)
3(61 54 57)
3(30 29 26)
3(61 57 60)
4(12 43 41 10)
4(21 52 54 23)
4(21 27 58 52)
4(23 54 61 30)
4(16 47 43 12)
4(25 56 47 16)
4(29 60 56 25)
4(30 61 60 29)
4(17 0 31 48)
4(17 48 53 22)
4(22 53 59 28)
4(28 59 58 27)
)


// ************************************************************************* //
