/*--------------------------------*- C++ -*----------------------------------*\
| =========                 |                                                 |
| \\      /  F ield         | OpenFOAM: The Open Source CFD Toolbox           |
|  \\    /   O peration     | Version:  2412                                  |
|   \\  /    A nd           | Website:  www.openfoam.com                      |
|    \\/     M anipulation  |                                                 |
\*---------------------------------------------------------------------------*/
FoamFile
{
    version     2.0;
    format      ascii;
    arch        "LSB;label=32;scalar=64";
    class       faceList;
    location    "constant/polyMesh";
    object      faces;
}
// * * * * * * * * * * * * * * * * * * * * * * * * * * * * * * * * * * * * * //


142
(
4(6 2 31 35)
4(6 35 32 3)
4(7 2 31 36)
4(7 36 35 6)
4(7 1 30 36)
4(3 8 37 32)
4(6 35 37 8)
4(8 37 33 4)
4(10 1 30 39)
4(10 39 36 7)
4(11 5 34 40)
4(11 40 38 9)
4(4 11 40 33)
4(8 37 40 11)
4(6 15 44 35)
4(7 36 44 15)
4(16 9 38 45)
4(16 45 43 14)
4(11 40 45 16)
4(6 17 46 35)
4(15 44 46 17)
4(17 46 37 8)
4(18 7 36 47)
4(14 19 48 43)
4(16 45 48 19)
4(12 19 48 41)
4(8 20 49 37)
4(17 46 49 20)
4(20 11 40 49)
4(20 49 45 16)
4(21 15 44 50)
4(21 50 46 17)
4(21 13 42 50)
4(19 48 53 24)
4(25 19 48 54)
4(25 54 53 24)
4(16 25 54 45)
4(20 49 54 25)
4(23 52 55 26)
4(26 55 50 21)
4(27 56 55 26)
4(25 54 56 27)
4(17 28 57 46)
4(21 50 57 28)
4(28 20 49 57)
4(28 57 54 25)
4(28 57 56 27)
4(26 28 57 55)
4(2 3 32 31)
4(1 2 31 30)
4(3 4 33 32)
4(0 1 30 29)
4(4 5 34 33)
3(6 3 2)
3(35 31 32)
3(7 6 2)
3(36 31 35)
3(7 2 1)
3(36 30 31)
3(6 8 3)
3(35 32 37)
3(8 4 3)
3(37 32 33)
3(10 7 1)
3(39 30 36)
3(10 1 0)
3(39 29 30)
3(11 9 5)
3(40 34 38)
3(8 11 4)
3(37 33 40)
3(11 5 4)
3(40 33 34)
3(7 15 6)
3(36 35 44)
3(16 14 9)
3(45 38 43)
3(11 16 9)
3(40 38 45)
3(15 17 6)
3(44 35 46)
3(17 8 6)
3(46 35 37)
3(18 15 7)
3(47 36 44)
3(10 18 7)
3(39 36 47)
3(16 19 14)
3(45 43 48)
3(14 19 12)
3(43 41 48)
3(17 20 8)
3(46 37 49)
3(20 16 11)
3(49 40 45)
3(20 11 8)
3(49 37 40)
3(21 17 15)
3(50 44 46)
3(21 15 13)
3(50 42 44)
3(19 24 12)
3(48 41 53)
3(25 24 19)
3(54 48 53)
3(20 25 16)
3(49 45 54)
3(25 19 16)
3(54 45 48)
3(23 26 22)
3(52 51 55)
3(26 21 13)
3(55 42 50)
3(27 26 23)
3(56 52 55)
3(25 27 24)
3(54 53 56)
3(21 28 17)
3(50 46 57)
3(28 25 20)
3(57 49 54)
3(28 20 17)
3(57 46 49)
3(28 27 25)
3(57 54 56)
3(27 28 26)
3(56 55 57)
3(26 28 21)
3(55 50 57)
4(10 0 29 39)
4(10 39 47 18)
4(23 22 51 52)
4(18 47 44 15)
4(13 15 44 42)
4(22 26 55 51)
4(13 42 55 26)
4(9 38 34 5)
4(9 14 43 38)
4(12 41 43 14)
4(12 24 53 41)
4(27 23 52 56)
4(24 27 56 53)
)


// ************************************************************************* //
