/*--------------------------------*- C++ -*----------------------------------*\
| =========                 |                                                 |
| \\      /  F ield         | OpenFOAM: The Open Source CFD Toolbox           |
|  \\    /   O peration     | Version:  2412                                  |
|   \\  /    A nd           | Website:  www.openfoam.com                      |
|    \\/     M anipulation  |                                                 |
\*---------------------------------------------------------------------------*/
FoamFile
{
    version     2.0;
    format      ascii;
    arch        "LSB;label=32;scalar=64";
    class       faceList;
    location    "constant/polyMesh";
    object      faces;
}
// * * * * * * * * * * * * * * * * * * * * * * * * * * * * * * * * * * * * * //


141
(
4(7 35 29 1)
4(7 2 30 35)
4(8 36 33 5)
4(8 6 34 36)
4(1 9 37 29)
4(7 35 37 9)
4(9 37 28 0)
4(10 2 30 38)
4(10 38 35 7)
4(10 3 31 38)
4(5 11 39 33)
4(8 36 39 11)
4(11 39 32 4)
4(9 37 40 12)
4(13 3 31 41)
4(13 41 38 10)
4(4 13 41 32)
4(11 39 41 13)
4(16 9 37 44)
4(10 38 45 17)
4(7 17 45 35)
4(19 47 36 8)
4(20 8 36 48)
4(20 48 39 11)
4(21 10 38 49)
4(21 49 45 17)
4(13 41 49 21)
4(22 9 37 50)
4(22 50 45 17)
4(14 17 45 42)
4(7 22 50 35)
4(23 8 36 51)
4(23 51 48 20)
4(24 52 49 21)
4(24 13 41 52)
4(15 24 52 43)
4(21 15 43 49)
4(24 52 48 20)
4(15 20 48 43)
4(11 24 52 39)
4(25 14 42 53)
4(25 53 46 18)
4(17 45 53 25)
4(25 53 49 21)
4(25 15 43 53)
4(20 26 54 48)
4(15 26 54 43)
4(27 55 53 25)
4(27 15 43 55)
4(2 1 29 30)
4(6 5 33 34)
4(1 0 28 29)
4(3 2 30 31)
4(5 4 32 33)
4(4 3 31 32)
3(7 1 2)
3(35 30 29)
3(8 5 6)
3(36 34 33)
3(7 9 1)
3(35 29 37)
3(9 0 1)
3(37 29 28)
3(10 7 2)
3(38 30 35)
3(10 2 3)
3(38 31 30)
3(8 11 5)
3(36 33 39)
3(11 4 5)
3(39 33 32)
3(9 12 0)
3(37 28 40)
3(13 10 3)
3(41 31 38)
3(11 13 4)
3(39 32 41)
3(13 3 4)
3(41 32 31)
3(16 12 9)
3(44 37 40)
3(10 17 7)
3(38 35 45)
3(19 8 6)
3(47 34 36)
3(20 11 8)
3(48 36 39)
3(21 17 10)
3(49 38 45)
3(13 21 10)
3(41 38 49)
3(22 16 9)
3(50 37 44)
3(22 17 14)
3(50 42 45)
3(17 22 7)
3(45 35 50)
3(22 9 7)
3(50 35 37)
3(23 20 8)
3(51 36 48)
3(19 23 8)
3(47 36 51)
3(24 21 13)
3(52 41 49)
3(21 24 15)
3(49 43 52)
3(24 20 15)
3(52 43 48)
3(20 24 11)
3(48 39 52)
3(24 13 11)
3(52 39 41)
3(25 18 14)
3(53 42 46)
3(17 25 14)
3(45 42 53)
3(25 21 15)
3(53 43 49)
3(21 25 17)
3(49 45 53)
3(23 26 20)
3(51 48 54)
3(20 26 15)
3(48 43 54)
3(27 25 15)
3(55 43 53)
3(25 27 18)
3(53 46 55)
3(26 27 15)
3(54 43 55)
4(6 34 47 19)
4(18 27 55 46)
4(27 26 54 55)
4(0 12 40 28)
4(16 44 40 12)
4(22 50 44 16)
4(22 14 42 50)
4(18 46 42 14)
4(26 23 51 54)
4(23 19 47 51)
)


// ************************************************************************* //
