/*--------------------------------*- C++ -*----------------------------------*\
| =========                 |                                                 |
| \\      /  F ield         | OpenFOAM: The Open Source CFD Toolbox           |
|  \\    /   O peration     | Version:  2412                                  |
|   \\  /    A nd           | Website:  www.openfoam.com                      |
|    \\/     M anipulation  |                                                 |
\*---------------------------------------------------------------------------*/
FoamFile
{
    version     2.0;
    format      ascii;
    arch        "LSB;label=32;scalar=64";
    class       faceList;
    location    "constant/polyMesh";
    object      faces;
}
// * * * * * * * * * * * * * * * * * * * * * * * * * * * * * * * * * * * * * //


144
(
4(6 4 32 34)
4(8 4 32 36)
4(8 36 34 6)
4(8 3 31 36)
4(0 9 37 28)
4(7 35 37 9)
4(9 37 29 1)
4(10 3 31 38)
4(10 38 36 8)
4(10 2 30 38)
4(1 11 39 29)
4(9 37 39 11)
4(11 2 30 39)
4(11 39 38 10)
4(15 43 37 9)
4(17 12 40 45)
4(17 45 41 13)
4(9 18 46 37)
4(15 43 46 18)
4(18 46 39 11)
4(8 20 48 36)
4(10 38 48 20)
4(21 49 44 16)
4(14 16 44 42)
4(21 14 42 49)
4(16 19 47 44)
4(17 45 50 22)
4(17 14 42 45)
4(14 22 50 42)
4(20 48 51 23)
4(8 23 51 36)
4(23 16 44 51)
4(16 20 48 44)
4(19 47 51 23)
4(23 6 34 51)
4(24 14 42 52)
4(24 52 45 17)
4(16 24 52 44)
4(20 48 52 24)
4(11 25 53 39)
4(18 46 53 25)
4(25 10 38 53)
4(25 53 48 20)
4(25 53 52 24)
4(26 14 42 54)
4(24 52 55 27)
4(17 27 55 45)
4(27 55 53 25)
4(27 18 46 55)
4(27 15 43 55)
4(13 27 55 41)
4(4 5 33 32)
4(3 4 32 31)
4(0 1 29 28)
4(2 3 31 30)
4(1 2 30 29)
3(6 5 4)
3(34 32 33)
3(8 6 4)
3(36 32 34)
3(8 4 3)
3(36 31 32)
3(7 9 0)
3(35 28 37)
3(9 1 0)
3(37 28 29)
3(10 8 3)
3(38 31 36)
3(10 3 2)
3(38 30 31)
3(9 11 1)
3(37 29 39)
3(11 10 2)
3(39 30 38)
3(11 2 1)
3(39 29 30)
3(15 9 7)
3(43 35 37)
3(17 13 12)
3(45 40 41)
3(15 18 9)
3(43 37 46)
3(18 11 9)
3(46 37 39)
3(10 20 8)
3(38 36 48)
3(21 16 14)
3(49 42 44)
3(21 19 16)
3(49 44 47)
3(17 22 14)
3(45 42 50)
3(22 17 12)
3(50 40 45)
3(20 23 8)
3(48 36 51)
3(23 20 16)
3(51 44 48)
3(19 23 16)
3(47 44 51)
3(23 19 6)
3(51 34 47)
3(8 23 6)
3(36 34 51)
3(24 17 14)
3(52 42 45)
3(20 24 16)
3(48 44 52)
3(16 24 14)
3(44 42 52)
3(18 25 11)
3(46 39 53)
3(25 20 10)
3(53 38 48)
3(11 25 10)
3(39 38 53)
3(25 24 20)
3(53 48 52)
3(26 21 14)
3(54 42 49)
3(22 26 14)
3(50 42 54)
3(24 27 17)
3(52 45 55)
3(27 25 18)
3(55 46 53)
3(25 27 24)
3(53 52 55)
3(27 18 15)
3(55 43 46)
3(17 27 13)
3(45 41 55)
3(27 15 13)
3(55 41 43)
4(6 34 33 5)
4(19 47 34 6)
4(21 49 47 19)
4(12 40 50 22)
4(26 54 49 21)
4(22 50 54 26)
4(7 0 28 35)
4(15 7 35 43)
4(12 13 41 40)
4(15 43 41 13)
)


// ************************************************************************* //
