/*--------------------------------*- C++ -*----------------------------------*\
| =========                 |                                                 |
| \\      /  F ield         | OpenFOAM: The Open Source CFD Toolbox           |
|  \\    /   O peration     | Version:  2412                                  |
|   \\  /    A nd           | Website:  www.openfoam.com                      |
|    \\/     M anipulation  |                                                 |
\*---------------------------------------------------------------------------*/
FoamFile
{
    version     2.0;
    format      ascii;
    arch        "LSB;label=32;scalar=64";
    class       labelList;
    location    "constant/polyMesh";
    object      faceProcAddressing;
}
// * * * * * * * * * * * * * * * * * * * * * * * * * * * * * * * * * * * * * //


553
(
13
14
29
30
86
87
88
89
90
91
92
93
142
143
145
241
242
243
244
245
246
247
248
249
250
252
308
309
310
311
312
313
369
370
371
379
380
381
405
406
407
408
409
410
411
424
425
426
431
432
433
434
435
436
437
438
463
464
465
466
485
486
561
562
563
564
565
566
567
568
569
570
571
572
573
574
582
583
630
632
633
634
635
636
637
638
750
751
752
753
754
755
756
757
758
759
760
761
762
763
764
765
766
767
768
769
770
771
772
773
774
775
776
777
778
779
780
781
782
783
784
785
789
793
794
795
796
803
804
805
806
807
808
809
874
876
881
882
883
884
885
886
887
888
889
890
891
892
893
896
897
1068
1069
1070
1071
1072
1073
1074
1075
1076
1077
1078
1079
1080
1081
1082
1083
1084
1085
1086
1087
1088
1089
1090
1091
1092
1093
1094
1095
1096
1097
1098
1137
1138
1140
1150
1151
1152
1153
1154
1155
1156
1157
1158
1159
1160
1161
1162
1163
1164
1241
1242
1243
1244
1245
1246
1264
1265
1266
1267
1268
1269
1308
1315
1332
1333
1371
1425
1428
1433
1434
1440
1441
1445
1446
1449
1450
1452
1453
1454
1473
1474
1489
1490
1561
1562
1563
1564
1565
1566
1567
1568
1569
1570
1635
1636
1637
1638
1771
1772
1773
1774
1775
1776
1777
1778
1779
1780
1781
1782
1783
1784
1785
1786
1863
1864
1865
1866
1867
1868
1869
1870
1953
1954
1955
1956
1967
1968
1969
1970
2007
2008
2009
2010
2011
2012
2013
2014
2015
2016
2037
2038
2039
2040
2047
2048
2049
2050
2051
2052
2053
2054
2055
2056
2057
2058
2087
2088
2089
2090
2109
2110
2211
2212
2213
2214
2215
2216
2217
2218
2219
2220
2221
2222
2223
2224
2225
2226
2227
2228
2237
2238
2303
2304
2307
2308
2309
2310
2311
2312
2457
2458
2459
2460
2461
2462
2463
2464
2465
2466
2467
2468
2469
2470
2471
2472
2473
2474
2475
2476
2477
2478
2479
2480
2481
2482
2483
2484
2485
2486
2487
2488
2489
2490
2491
2492
2493
2494
2495
2496
2497
2498
2499
2500
2501
2502
2505
2506
2511
2512
2513
2514
2515
2516
2525
2526
2527
2528
2529
2530
2531
2532
2621
2622
2623
2624
2631
2632
2633
2634
2635
2636
2637
2638
2639
2640
2641
2642
2643
2644
2645
2646
2647
2648
2649
2650
2653
2654
2891
2892
2895
2896
2897
2898
2899
2900
2901
2902
2903
2904
2905
2906
2907
2908
2909
2910
2911
2912
2913
2914
2915
2916
2917
2918
2919
2920
2921
2922
2923
2924
2925
2926
2927
2928
2929
2930
2931
2932
2933
2934
2935
2936
2937
2938
2939
2940
2941
2942
2943
2944
2945
2946
3009
3010
3011
3012
3013
3014
3027
3028
3029
3030
3031
3032
3033
3034
3035
3036
3037
3038
3039
3040
3041
3042
3043
3044
3045
3046
3047
3048
3049
3050
3179
3180
3181
3182
3183
3184
3185
3186
3187
3188
3189
3190
3223
3224
3225
3226
3227
3228
3229
3230
3231
3232
3233
3234
251
-256
-470
581
-786
-791
-1066
1067
144
-217
629
875
-895
-918
-921
1139
1141
)


// ************************************************************************* //
