/*--------------------------------*- C++ -*----------------------------------*\
| =========                 |                                                 |
| \\      /  F ield         | OpenFOAM: The Open Source CFD Toolbox           |
|  \\    /   O peration     | Version:  2412                                  |
|   \\  /    A nd           | Website:  www.openfoam.com                      |
|    \\/     M anipulation  |                                                 |
\*---------------------------------------------------------------------------*/
FoamFile
{
    version     2.0;
    format      ascii;
    arch        "LSB;label=32;scalar=64";
    class       faceList;
    location    "constant/polyMesh";
    object      faces;
}
// * * * * * * * * * * * * * * * * * * * * * * * * * * * * * * * * * * * * * //


553
(
4(20 3 98 115)
4(20 115 99 4)
4(21 0 95 116)
4(21 116 96 1)
4(22 117 105 10)
4(22 9 104 117)
4(23 3 98 118)
4(23 118 115 20)
4(23 2 97 118)
4(4 24 119 99)
4(20 115 119 24)
4(24 119 100 5)
4(25 120 109 14)
4(25 13 108 120)
4(26 121 116 21)
4(10 28 123 105)
4(22 117 123 28)
4(28 123 106 11)
4(29 9 104 124)
4(29 124 117 22)
4(29 8 103 124)
4(1 30 125 96)
4(21 116 125 30)
4(30 2 97 125)
4(30 125 118 23)
4(24 119 126 31)
4(14 33 128 109)
4(25 120 128 33)
4(33 128 110 15)
4(34 13 108 129)
4(34 129 120 25)
4(34 12 107 129)
4(35 19 114 130)
4(35 130 122 27)
4(35 18 113 130)
4(36 8 103 131)
4(36 131 124 29)
4(36 7 102 131)
4(15 37 132 110)
4(33 128 132 37)
4(37 132 111 16)
4(11 38 133 106)
4(28 123 133 38)
4(38 12 107 133)
4(38 133 129 34)
4(39 18 113 134)
4(39 134 130 35)
4(39 17 112 134)
4(6 40 135 101)
4(32 127 135 40)
4(40 7 102 135)
4(40 135 131 36)
4(16 41 136 111)
4(37 132 136 41)
4(41 17 112 136)
4(41 136 134 39)
4(20 45 140 115)
4(23 118 140 45)
4(46 141 123 28)
4(46 22 117 141)
4(26 121 144 49)
4(21 49 144 116)
4(20 52 147 115)
4(45 140 147 52)
4(52 147 119 24)
4(53 23 118 148)
4(53 148 140 45)
4(30 125 148 53)
4(28 54 149 123)
4(46 141 149 54)
4(54 149 133 38)
4(56 22 117 151)
4(56 151 141 46)
4(29 124 151 56)
4(36 58 153 131)
4(40 135 153 58)
4(59 43 138 154)
4(59 154 143 48)
4(60 155 144 49)
4(61 156 132 37)
4(61 33 128 156)
4(25 62 157 120)
4(34 129 157 62)
4(44 50 145 139)
4(64 44 139 159)
4(64 159 145 50)
4(24 65 160 119)
4(52 147 160 65)
4(65 160 126 31)
4(53 148 162 67)
4(45 67 162 140)
4(21 68 163 116)
4(49 144 163 68)
4(68 30 125 163)
4(68 163 148 53)
4(68 163 162 67)
4(69 164 162 67)
4(55 67 162 150)
4(69 55 150 164)
4(67 42 137 162)
4(42 69 164 137)
4(50 145 165 70)
4(44 70 165 139)
4(62 50 145 157)
4(62 157 165 70)
4(67 162 166 71)
4(55 71 166 150)
4(71 166 163 68)
4(71 49 144 166)
4(71 44 139 166)
4(44 49 144 139)
4(71 166 165 70)
4(55 70 165 150)
4(72 167 153 58)
4(47 58 153 142)
4(72 47 142 167)
4(58 153 168 73)
4(36 73 168 131)
4(73 168 167 72)
4(73 56 151 168)
4(56 72 167 151)
4(73 29 124 168)
4(74 169 154 59)
4(32 75 170 127)
4(48 143 170 75)
4(75 40 135 170)
4(75 170 153 58)
4(59 154 171 76)
4(47 76 171 142)
4(59 47 142 154)
4(76 171 169 74)
4(76 57 152 171)
4(76 171 161 66)
4(47 66 161 142)
4(49 77 172 144)
4(44 77 172 139)
4(37 78 173 132)
4(61 156 173 78)
4(78 173 136 41)
4(62 157 174 79)
4(25 79 174 120)
4(79 50 145 174)
4(61 156 174 79)
4(61 50 145 156)
4(79 33 128 174)
4(38 80 175 133)
4(54 149 175 80)
4(80 34 129 175)
4(80 175 157 62)
4(35 82 177 130)
4(39 134 177 82)
4(65 160 178 83)
4(84 52 147 179)
4(52 66 161 147)
4(84 179 161 66)
4(84 45 140 179)
4(84 179 162 67)
4(84 42 137 179)
4(85 180 171 76)
4(85 57 152 180)
4(66 85 180 161)
4(52 85 180 147)
4(85 180 160 65)
4(85 180 178 83)
4(56 86 181 151)
4(72 167 181 86)
4(46 86 181 141)
4(86 181 164 69)
4(46 69 164 141)
4(42 86 181 137)
4(70 165 182 87)
4(55 87 182 150)
4(87 182 175 80)
4(87 54 149 182)
4(62 87 182 157)
4(87 182 164 69)
4(46 87 182 141)
4(88 183 154 59)
4(88 47 142 183)
4(88 48 143 183)
4(88 183 170 75)
4(58 88 183 153)
4(64 159 184 89)
4(64 51 146 159)
4(44 89 184 139)
4(82 177 185 90)
4(35 90 185 130)
4(90 63 158 185)
4(63 82 177 158)
4(81 176 185 90)
4(90 27 122 185)
4(91 51 146 186)
4(91 186 159 64)
4(63 91 186 158)
4(82 177 186 91)
4(41 92 187 136)
4(78 173 187 92)
4(92 39 134 187)
4(92 187 177 82)
4(92 187 186 91)
4(93 47 142 188)
4(93 188 167 72)
4(66 161 188 93)
4(93 188 181 86)
4(42 93 188 137)
4(93 188 179 84)
4(91 186 189 94)
4(64 94 189 159)
4(94 189 187 92)
4(94 78 173 189)
4(94 61 156 189)
4(50 94 189 145)
4(3 4 99 98)
4(0 1 96 95)
4(2 3 98 97)
4(4 5 100 99)
4(1 2 97 96)
4(9 10 105 104)
4(13 14 109 108)
4(10 11 106 105)
4(8 9 104 103)
4(14 15 110 109)
4(12 13 108 107)
4(18 19 114 113)
4(7 8 103 102)
4(15 16 111 110)
4(11 12 107 106)
4(17 18 113 112)
4(6 7 102 101)
4(16 17 112 111)
3(20 4 3)
3(115 98 99)
3(21 1 0)
3(116 95 96)
3(22 10 9)
3(117 104 105)
3(23 20 3)
3(118 98 115)
3(23 3 2)
3(118 97 98)
3(20 24 4)
3(115 99 119)
3(24 5 4)
3(119 99 100)
3(25 14 13)
3(120 108 109)
3(26 21 0)
3(121 95 116)
3(22 28 10)
3(117 105 123)
3(28 11 10)
3(123 105 106)
3(29 22 9)
3(124 104 117)
3(29 9 8)
3(124 103 104)
3(21 30 1)
3(116 96 125)
3(30 23 2)
3(125 97 118)
3(30 2 1)
3(125 96 97)
3(24 31 5)
3(119 100 126)
3(25 33 14)
3(120 109 128)
3(33 15 14)
3(128 109 110)
3(34 25 13)
3(129 108 120)
3(34 13 12)
3(129 107 108)
3(35 27 19)
3(130 114 122)
3(35 19 18)
3(130 113 114)
3(36 29 8)
3(131 103 124)
3(36 8 7)
3(131 102 103)
3(33 37 15)
3(128 110 132)
3(37 16 15)
3(132 110 111)
3(28 38 11)
3(123 106 133)
3(38 34 12)
3(133 107 129)
3(38 12 11)
3(133 106 107)
3(39 35 18)
3(134 113 130)
3(39 18 17)
3(134 112 113)
3(32 40 6)
3(127 101 135)
3(40 36 7)
3(135 102 131)
3(40 7 6)
3(135 101 102)
3(37 41 16)
3(132 111 136)
3(41 39 17)
3(136 112 134)
3(41 17 16)
3(136 111 112)
3(23 45 20)
3(118 115 140)
3(46 28 22)
3(141 117 123)
3(26 49 21)
3(121 116 144)
3(45 52 20)
3(140 115 147)
3(52 24 20)
3(147 115 119)
3(53 45 23)
3(148 118 140)
3(30 53 23)
3(125 118 148)
3(46 54 28)
3(141 123 149)
3(54 38 28)
3(149 123 133)
3(56 46 22)
3(151 117 141)
3(29 56 22)
3(124 117 151)
3(40 58 36)
3(135 131 153)
3(59 48 43)
3(154 138 143)
3(60 49 26)
3(155 121 144)
3(61 37 33)
3(156 128 132)
3(34 62 25)
3(129 120 157)
3(64 50 44)
3(159 139 145)
3(52 65 24)
3(147 119 160)
3(65 31 24)
3(160 119 126)
3(53 67 45)
3(148 140 162)
3(49 68 21)
3(144 116 163)
3(68 53 30)
3(163 125 148)
3(68 30 21)
3(163 116 125)
3(68 67 53)
3(163 148 162)
3(69 67 55)
3(164 150 162)
3(67 69 42)
3(162 137 164)
3(50 70 44)
3(145 139 165)
3(62 70 50)
3(157 145 165)
3(67 71 55)
3(162 150 166)
3(71 68 49)
3(166 144 163)
3(68 71 67)
3(163 162 166)
3(71 49 44)
3(166 139 144)
3(71 70 55)
3(166 150 165)
3(70 71 44)
3(165 139 166)
3(72 58 47)
3(167 142 153)
3(58 73 36)
3(153 131 168)
3(73 72 56)
3(168 151 167)
3(72 73 58)
3(167 153 168)
3(73 56 29)
3(168 124 151)
3(36 73 29)
3(131 124 168)
3(74 59 43)
3(169 138 154)
3(48 75 32)
3(143 127 170)
3(75 58 40)
3(170 135 153)
3(75 40 32)
3(170 127 135)
3(59 76 47)
3(154 142 171)
3(76 74 57)
3(171 152 169)
3(74 76 59)
3(169 154 171)
3(76 66 47)
3(171 142 161)
3(60 77 49)
3(155 144 172)
3(49 77 44)
3(144 139 172)
3(61 78 37)
3(156 132 173)
3(78 41 37)
3(173 132 136)
3(62 79 25)
3(157 120 174)
3(79 62 50)
3(174 145 157)
3(61 79 50)
3(156 145 174)
3(79 61 33)
3(174 128 156)
3(79 33 25)
3(174 120 128)
3(54 80 38)
3(149 133 175)
3(80 62 34)
3(175 129 157)
3(38 80 34)
3(133 129 175)
3(39 82 35)
3(134 130 177)
3(65 83 31)
3(160 126 178)
3(84 66 52)
3(179 147 161)
3(84 52 45)
3(179 140 147)
3(84 67 42)
3(179 137 162)
3(67 84 45)
3(162 140 179)
3(85 76 57)
3(180 152 171)
3(76 85 66)
3(171 161 180)
3(66 85 52)
3(161 147 180)
3(85 65 52)
3(180 147 160)
3(85 83 65)
3(180 160 178)
3(83 85 57)
3(178 152 180)
3(72 86 56)
3(167 151 181)
3(56 86 46)
3(151 141 181)
3(86 69 46)
3(181 141 164)
3(69 86 42)
3(164 137 181)
3(70 87 55)
3(165 150 182)
3(87 80 54)
3(182 149 175)
3(80 87 62)
3(175 157 182)
3(87 70 62)
3(182 157 165)
3(87 69 55)
3(182 150 164)
3(69 87 46)
3(164 141 182)
3(87 54 46)
3(182 141 149)
3(88 59 47)
3(183 142 154)
3(88 75 48)
3(183 143 170)
3(59 88 48)
3(154 143 183)
3(75 88 58)
3(170 153 183)
3(58 88 47)
3(153 142 183)
3(64 89 51)
3(159 146 184)
3(77 89 44)
3(172 139 184)
3(89 64 44)
3(184 139 159)
3(82 90 35)
3(177 130 185)
3(90 82 63)
3(185 158 177)
3(81 90 63)
3(176 158 185)
3(90 81 27)
3(185 122 176)
3(35 90 27)
3(130 122 185)
3(91 64 51)
3(186 146 159)
3(82 91 63)
3(177 158 186)
3(63 91 51)
3(158 146 186)
3(78 92 41)
3(173 136 187)
3(92 82 39)
3(187 134 177)
3(41 92 39)
3(136 134 187)
3(92 91 82)
3(187 177 186)
3(93 72 47)
3(188 142 167)
3(66 93 47)
3(161 142 188)
3(93 86 72)
3(188 167 181)
3(86 93 42)
3(181 137 188)
3(93 84 42)
3(188 137 179)
3(84 93 66)
3(179 161 188)
3(91 94 64)
3(186 159 189)
3(94 92 78)
3(189 173 187)
3(92 94 91)
3(187 186 189)
3(94 78 61)
3(189 156 173)
3(64 94 50)
3(159 145 189)
3(94 61 50)
3(189 145 156)
4(5 31 126 100)
4(32 6 101 127)
4(48 32 127 143)
4(43 48 143 138)
4(43 138 169 74)
4(74 169 152 57)
4(57 152 178 83)
4(31 83 178 126)
4(26 0 95 121)
4(27 122 114 19)
4(60 26 121 155)
4(60 155 172 77)
4(81 176 122 27)
4(51 146 158 63)
4(63 158 176 81)
4(51 89 184 146)
4(77 172 184 89)
)


// ************************************************************************* //
