/*--------------------------------*- C++ -*----------------------------------*\
| =========                 |                                                 |
| \\      /  F ield         | OpenFOAM: The Open Source CFD Toolbox           |
|  \\    /   O peration     | Version:  2412                                  |
|   \\  /    A nd           | Website:  www.openfoam.com                      |
|    \\/     M anipulation  |                                                 |
\*---------------------------------------------------------------------------*/
FoamFile
{
    version     2.0;
    format      ascii;
    arch        "LSB;label=32;scalar=64";
    note        "nPoints:190  nCells:153  nFaces:553  nInternalFaces:212";
    class       labelList;
    location    "constant/polyMesh";
    object      neighbour;
}
// * * * * * * * * * * * * * * * * * * * * * * * * * * * * * * * * * * * * * //


212
(
3
5
8
13
9
11
4
38
14
6
42
16
17
19
40
10
39
27
12
48
23
15
60
15
44
56
18
94
25
20
53
28
22
133
30
24
77
33
26
52
35
29
46
29
97
31
98
36
34
81
34
49
37
89
37
139
41
43
45
47
51
58
42
101
55
44
57
59
46
120
95
48
111
76
73
80
78
123
86
88
93
90
96
64
128
151
56
107
99
61
103
60
67
60
61
68
63
66
118
102
113
65
71
91
117
68
70
68
69
71
87
71
114
75
125
141
75
77
75
76
110
77
84
81
122
81
124
84
85
121
84
104
105
142
87
127
89
150
137
91
94
92
93
152
94
97
115
97
116
129
138
108
101
106
146
103
103
145
105
109
106
107
108
109
111
143
112
113
119
144
117
118
116
120
117
119
120
123
125
123
124
125
128
134
128
130
133
131
135
132
133
136
147
136
140
139
148
139
140
149
142
143
146
144
145
146
149
151
149
150
152
152
)


// ************************************************************************* //
