/*--------------------------------*- C++ -*----------------------------------*\
| =========                 |                                                 |
| \\      /  F ield         | OpenFOAM: The Open Source CFD Toolbox           |
|  \\    /   O peration     | Version:  2412                                  |
|   \\  /    A nd           | Website:  www.openfoam.com                      |
|    \\/     M anipulation  |                                                 |
\*---------------------------------------------------------------------------*/
FoamFile
{
    version     2.0;
    format      ascii;
    arch        "LSB;label=32;scalar=64";
    class       vectorField;
    location    "constant/polyMesh";
    object      points;
}
// * * * * * * * * * * * * * * * * * * * * * * * * * * * * * * * * * * * * * //


190
(
(47.88165283 30.05708122 0.9377383239)
(48 32 0.9377383239)
(48 34 0.9377383239)
(48 36 0.9377383239)
(48 38 0.9377383239)
(48 40 0.9377383239)
(64 42.83097839 0.9377383239)
(64 40.87987137 0.9377383239)
(64 38.95105362 0.9377383239)
(64 37.05024719 0.9377383239)
(64 35.18283844 0.9377383239)
(64 33.35383224 0.9377383239)
(63.99703217 31.56459236 0.9377383239)
(63.9254303 29.8166523 0.9377383239)
(63.76489258 28.12812042 0.9377383239)
(63.5246048 26.50462151 0.9377383239)
(63.21386719 24.95054626 0.9377383239)
(62.84192657 23.46912575 0.9377383239)
(62.41785049 22.06246948 0.9377383239)
(61.95043945 20.73184776 0.9377383239)
(49.73205081 37 0.9377383239)
(49.62344343 30.92604896 0.9377383239)
(62.38277658 36.11654282 0.9377383239)
(49.73205081 35 0.9377383239)
(49.73205081 39 0.9377383239)
(62.38284994 29.1114161 0.9377383239)
(49.35114158 28.80495093 0.9377383239)
(60.616325 20.54017564 0.9377383239)
(62.41603417 34.26833534 0.9377383239)
(62.35385335 38.00065041 0.9377383239)
(49.73205081 33 0.9377383239)
(49.73205081 41 0.9377383239)
(62.29619849 43.81466866 0.9377383239)
(62.23875738 27.52446629 0.9377383239)
(62.44747073 30.75263137 0.9377383239)
(61.03179276 21.80194846 0.9377383239)
(62.32959483 39.91546249 0.9377383239)
(62.02336735 25.99669055 0.9377383239)
(62.44898889 32.46178252 0.9377383239)
(61.41168847 23.13305827 0.9377383239)
(62.31029175 41.85542488 0.9377383239)
(61.74494908 24.53194603 0.9377383239)
(56.01842709 36 0.9377383239)
(55.97174915 46 0.9377383239)
(55.86491283 29.04675522 0.9377383239)
(52.79570187 36 0.9377383239)
(59.21750527 35.13518234 0.9377383239)
(57.38809667 40.83637066 0.9377383239)
(59.09230325 44.78673778 0.9377383239)
(52.58792211 29.46744801 0.9377383239)
(59.12856584 28.6068834 0.9377383239)
(56.2799474 23.87787991 0.9377383239)
(51.75348823 38 0.9377383239)
(51.75348823 34 0.9377383239)
(60.44467755 33.32879732 0.9377383239)
(56.78995069 32.5046492 0.9377383239)
(60.36546867 37.0278506 0.9377383239)
(53.58319489 42 0.9377383239)
(59.94940651 40.86185629 0.9377383239)
(56.77412699 43.44402485 0.9377383239)
(51.36473401 27.20534916 0.9377383239)
(60.31839725 27.01613294 0.9377383239)
(60.57815958 30.00435334 0.9377383239)
(58.29115667 22.00507845 0.9377383239)
(57.19015026 26.55206484 0.9377383239)
(51.48481574 40 0.9377383239)
(54.80332224 38.95625193 0.9377383239)
(54.40706448 33.88875564 0.9377383239)
(51.83115838 31.67121411 0.9377383239)
(57.31686538 34.45377833 0.9377383239)
(57.70957413 30.40595866 0.9377383239)
(54.48465833 31.2686714 0.9377383239)
(57.81621509 38.10299481 0.9377383239)
(60.66369225 38.93679767 0.9377383239)
(54.37175852 44.24226717 0.9377383239)
(60.29778197 42.99395993 0.9377383239)
(55.59979044 41.79142206 0.9377383239)
(53.96983461 27.2584468 0.9377383239)
(60.57679139 25.51282225 0.9377383239)
(60.96900889 28.43977406 0.9377383239)
(61.02045779 31.60847517 0.9377383239)
(58.95619974 20.4829045 0.9377383239)
(59.73473122 22.89189247 0.9377383239)
(51.46422401 42 0.9377383239)
(54.40706448 37.06553102 0.9377383239)
(53.3526016 40.14113731 0.9377383239)
(57.77790548 36.15922839 0.9377383239)
(58.79425214 32.13208258 0.9377383239)
(58.43899951 42.45991111 0.9377383239)
(55.31522945 25.69823127 0.9377383239)
(59.75132462 21.52428451 0.9377383239)
(58.14385221 23.8632113 0.9377383239)
(60.4154396 24.10953783 0.9377383239)
(55.9972512 37.71914364 0.9377383239)
(58.74802676 25.591064 0.9377383239)
(47.88165283 30.05708122 -0.9377383239)
(48 32 -0.9377383239)
(48 34 -0.9377383239)
(48 36 -0.9377383239)
(48 38 -0.9377383239)
(48 40 -0.9377383239)
(64 42.83097839 -0.9377383239)
(64 40.87987137 -0.9377383239)
(64 38.95105362 -0.9377383239)
(64 37.05024719 -0.9377383239)
(64 35.18283844 -0.9377383239)
(64 33.35383224 -0.9377383239)
(63.99703217 31.56459236 -0.9377383239)
(63.9254303 29.8166523 -0.9377383239)
(63.76489258 28.12812042 -0.9377383239)
(63.5246048 26.50462151 -0.9377383239)
(63.21386719 24.95054626 -0.9377383239)
(62.84192657 23.46912575 -0.9377383239)
(62.41785049 22.06246948 -0.9377383239)
(61.95043945 20.73184776 -0.9377383239)
(49.73205081 37 -0.9377383239)
(49.62344343 30.92604896 -0.9377383239)
(62.38277658 36.11654282 -0.9377383239)
(49.73205081 35 -0.9377383239)
(49.73205081 39 -0.9377383239)
(62.38284994 29.1114161 -0.9377383239)
(49.35114158 28.80495093 -0.9377383239)
(60.616325 20.54017564 -0.9377383239)
(62.41603417 34.26833534 -0.9377383239)
(62.35385335 38.00065041 -0.9377383239)
(49.73205081 33 -0.9377383239)
(49.73205081 41 -0.9377383239)
(62.29619849 43.81466866 -0.9377383239)
(62.23875738 27.52446629 -0.9377383239)
(62.44747073 30.75263137 -0.9377383239)
(61.03179276 21.80194846 -0.9377383239)
(62.32959483 39.91546249 -0.9377383239)
(62.02336735 25.99669055 -0.9377383239)
(62.44898889 32.46178252 -0.9377383239)
(61.41168847 23.13305827 -0.9377383239)
(62.31029175 41.85542488 -0.9377383239)
(61.74494908 24.53194603 -0.9377383239)
(56.01842709 36 -0.9377383239)
(55.97174915 46 -0.9377383239)
(55.86491283 29.04675522 -0.9377383239)
(52.79570187 36 -0.9377383239)
(59.21750527 35.13518234 -0.9377383239)
(57.38809667 40.83637066 -0.9377383239)
(59.09230325 44.78673778 -0.9377383239)
(52.58792211 29.46744801 -0.9377383239)
(59.12856584 28.6068834 -0.9377383239)
(56.2799474 23.87787991 -0.9377383239)
(51.75348823 38 -0.9377383239)
(51.75348823 34 -0.9377383239)
(60.44467755 33.32879732 -0.9377383239)
(56.78995069 32.5046492 -0.9377383239)
(60.36546867 37.0278506 -0.9377383239)
(53.58319489 42 -0.9377383239)
(59.94940651 40.86185629 -0.9377383239)
(56.77412699 43.44402485 -0.9377383239)
(51.36473401 27.20534916 -0.9377383239)
(60.31839725 27.01613294 -0.9377383239)
(60.57815958 30.00435334 -0.9377383239)
(58.29115667 22.00507845 -0.9377383239)
(57.19015026 26.55206484 -0.9377383239)
(51.48481574 40 -0.9377383239)
(54.80332224 38.95625193 -0.9377383239)
(54.40706448 33.88875564 -0.9377383239)
(51.83115838 31.67121411 -0.9377383239)
(57.31686538 34.45377833 -0.9377383239)
(57.70957413 30.40595866 -0.9377383239)
(54.48465833 31.2686714 -0.9377383239)
(57.81621509 38.10299481 -0.9377383239)
(60.66369225 38.93679767 -0.9377383239)
(54.37175852 44.24226717 -0.9377383239)
(60.29778197 42.99395993 -0.9377383239)
(55.59979044 41.79142206 -0.9377383239)
(53.96983461 27.2584468 -0.9377383239)
(60.57679139 25.51282225 -0.9377383239)
(60.96900889 28.43977406 -0.9377383239)
(61.02045779 31.60847517 -0.9377383239)
(58.95619974 20.4829045 -0.9377383239)
(59.73473122 22.89189247 -0.9377383239)
(51.46422401 42 -0.9377383239)
(54.40706448 37.06553102 -0.9377383239)
(53.3526016 40.14113731 -0.9377383239)
(57.77790548 36.15922839 -0.9377383239)
(58.79425214 32.13208258 -0.9377383239)
(58.43899951 42.45991111 -0.9377383239)
(55.31522945 25.69823127 -0.9377383239)
(59.75132462 21.52428451 -0.9377383239)
(58.14385221 23.8632113 -0.9377383239)
(60.4154396 24.10953783 -0.9377383239)
(55.9972512 37.71914364 -0.9377383239)
(58.74802676 25.591064 -0.9377383239)
)


// ************************************************************************* //
