/*--------------------------------*- C++ -*----------------------------------*\
| =========                 |                                                 |
| \\      /  F ield         | OpenFOAM: The Open Source CFD Toolbox           |
|  \\    /   O peration     | Version:  2412                                  |
|   \\  /    A nd           | Website:  www.openfoam.com                      |
|    \\/     M anipulation  |                                                 |
\*---------------------------------------------------------------------------*/
FoamFile
{
    version     2.0;
    format      ascii;
    arch        "LSB;label=32;scalar=64";
    class       faceList;
    location    "constant/polyMesh";
    object      faces;
}
// * * * * * * * * * * * * * * * * * * * * * * * * * * * * * * * * * * * * * //


147
(
4(7 38 37 6)
4(7 0 31 38)
4(8 5 36 39)
4(9 5 36 40)
4(9 40 39 8)
4(6 9 40 37)
4(7 38 40 9)
4(10 0 31 41)
4(10 41 38 7)
4(10 1 32 41)
4(11 42 33 2)
4(2 12 43 33)
4(11 42 43 12)
4(12 1 32 43)
4(12 43 41 10)
4(20 51 43 12)
4(18 49 54 23)
4(16 23 54 47)
4(23 8 39 54)
4(9 40 54 23)
4(23 54 53 22)
4(16 22 53 47)
4(24 55 52 21)
4(14 21 52 45)
4(21 13 44 52)
4(14 25 56 45)
4(21 52 56 25)
4(25 56 50 19)
4(17 25 56 48)
4(26 57 51 20)
4(26 15 46 57)
4(12 26 57 43)
4(10 26 57 41)
4(27 58 52 21)
4(21 16 47 52)
4(22 53 59 28)
4(15 28 59 46)
4(23 54 59 28)
4(28 9 40 59)
4(28 7 38 59)
4(16 29 60 47)
4(25 56 60 29)
4(29 21 52 60)
4(30 61 59 28)
4(30 7 38 61)
4(15 30 61 46)
4(30 61 57 26)
4(10 30 61 41)
4(0 6 37 31)
4(5 4 35 36)
4(6 5 36 37)
4(1 0 31 32)
4(3 2 33 34)
4(2 1 32 33)
3(7 6 0)
3(38 31 37)
3(8 4 5)
3(39 36 35)
3(9 8 5)
3(40 36 39)
3(7 9 6)
3(38 37 40)
3(9 5 6)
3(40 37 36)
3(10 7 0)
3(41 31 38)
3(10 0 1)
3(41 32 31)
3(11 2 3)
3(42 34 33)
3(11 12 2)
3(42 33 43)
3(12 10 1)
3(43 32 41)
3(12 1 2)
3(43 33 32)
3(20 12 11)
3(51 42 43)
3(18 23 16)
3(49 47 54)
3(23 18 8)
3(54 39 49)
3(9 23 8)
3(40 39 54)
3(23 22 16)
3(54 47 53)
3(24 21 14)
3(55 45 52)
3(21 24 13)
3(52 44 55)
3(21 25 14)
3(52 45 56)
3(25 19 14)
3(56 45 50)
3(19 25 17)
3(50 48 56)
3(26 20 15)
3(57 46 51)
3(20 26 12)
3(51 43 57)
3(12 26 10)
3(43 41 57)
3(27 21 13)
3(58 44 52)
3(21 27 16)
3(52 47 58)
3(22 28 15)
3(53 46 59)
3(23 28 22)
3(54 53 59)
3(28 23 9)
3(59 40 54)
3(28 9 7)
3(59 38 40)
3(22 29 16)
3(53 47 60)
3(25 29 17)
3(56 48 60)
3(29 25 21)
3(60 52 56)
3(29 21 16)
3(60 47 52)
3(30 28 7)
3(61 38 59)
3(28 30 15)
3(59 46 61)
3(30 26 15)
3(61 46 57)
3(26 30 10)
3(57 41 61)
3(10 30 7)
3(41 38 61)
4(19 17 48 50)
4(14 19 50 45)
4(14 45 55 24)
4(8 39 35 4)
4(8 18 49 39)
4(18 16 47 49)
4(13 24 55 44)
4(27 13 44 58)
4(16 27 58 47)
4(3 34 42 11)
4(20 11 42 51)
4(22 15 46 53)
4(15 20 51 46)
4(22 53 60 29)
4(29 60 48 17)
)


// ************************************************************************* //
