/*--------------------------------*- C++ -*----------------------------------*\
| =========                 |                                                 |
| \\      /  F ield         | OpenFOAM: The Open Source CFD Toolbox           |
|  \\    /   O peration     | Version:  2412                                  |
|   \\  /    A nd           | Website:  www.openfoam.com                      |
|    \\/     M anipulation  |                                                 |
\*---------------------------------------------------------------------------*/
FoamFile
{
    version     2.0;
    format      ascii;
    arch        "LSB;label=32;scalar=64";
    class       labelList;
    location    "constant/polyMesh";
    object      faceProcAddressing;
}
// * * * * * * * * * * * * * * * * * * * * * * * * * * * * * * * * * * * * * //


548
(
3
5
15
16
25
26
33
34
47
48
49
50
51
52
53
54
94
95
96
97
98
99
100
101
131
132
133
134
135
155
156
157
158
159
160
161
189
190
191
192
193
194
195
253
254
255
257
258
259
260
261
262
263
264
265
266
291
292
293
294
295
296
297
298
299
300
301
302
303
304
320
321
322
323
401
402
403
404
442
443
444
448
449
450
467
468
469
471
472
479
480
481
482
483
484
494
495
496
497
498
499
500
501
516
517
518
519
575
576
577
578
579
580
584
585
586
587
588
589
590
591
592
593
594
612
613
614
615
616
617
618
619
620
621
622
623
624
625
626
627
628
787
788
790
792
797
798
799
800
801
802
810
811
812
813
814
815
816
817
818
819
820
860
861
862
863
864
865
866
867
868
869
870
871
872
873
1064
1065
1099
1100
1101
1102
1103
1104
1105
1106
1107
1108
1109
1110
1111
1112
1128
1129
1130
1131
1132
1133
1134
1135
1136
1247
1248
1249
1250
1251
1252
1303
1309
1317
1323
1334
1335
1350
1351
1372
1373
1374
1384
1413
1414
1415
1416
1417
1418
1419
1420
1421
1422
1423
1426
1427
1429
1435
1436
1438
1439
1448
1459
1460
1463
1464
1475
1476
1485
1486
1493
1494
1509
1510
1511
1512
1513
1514
1515
1516
1517
1518
1519
1520
1571
1572
1573
1574
1575
1576
1577
1578
1579
1580
1621
1622
1623
1624
1625
1626
1653
1654
1655
1656
1657
1658
1659
1660
1661
1662
1699
1700
1701
1702
1703
1704
1705
1706
1707
1708
1787
1788
1789
1790
1791
1792
1793
1794
1795
1796
1797
1798
1799
1800
1801
1802
1803
1804
1805
1806
1839
1840
1841
1842
1843
1844
1845
1846
1847
1848
1849
1850
1851
1852
1853
1854
1855
1856
1857
1858
1879
1880
1881
1882
1883
1884
2001
2002
2003
2004
2005
2006
2063
2064
2065
2066
2071
2072
2073
2074
2091
2092
2093
2094
2095
2096
2103
2104
2105
2106
2107
2108
2121
2122
2123
2124
2125
2126
2127
2128
2129
2130
2131
2132
2151
2152
2153
2154
2155
2156
2229
2230
2231
2232
2233
2234
2235
2236
2239
2240
2241
2242
2243
2244
2245
2246
2247
2248
2249
2250
2251
2252
2253
2254
2279
2280
2281
2282
2283
2284
2285
2286
2287
2288
2289
2290
2291
2292
2293
2294
2295
2296
2297
2298
2299
2300
2301
2302
2503
2504
2507
2508
2509
2510
2517
2518
2519
2520
2521
2522
2523
2524
2533
2534
2535
2536
2537
2538
2539
2540
2541
2542
2543
2544
2595
2596
2597
2598
2599
2600
2601
2602
2603
2604
2605
2606
2607
2608
2609
2610
2611
2612
2613
2614
2615
2616
2617
2618
2619
2620
2887
2888
2889
2890
2893
2894
2947
2948
2949
2950
2951
2952
2953
2954
2955
2956
2957
2958
2959
2960
2961
2962
2963
2964
2965
2966
2967
2968
2995
2996
2997
2998
2999
3000
3001
3002
3003
3004
3005
3006
3007
3008
3191
3192
3193
3194
3195
3196
3197
3198
3199
3200
3201
3202
-251
256
470
-581
786
791
1066
-1067
)


// ************************************************************************* //
