/*--------------------------------*- C++ -*----------------------------------*\
| =========                 |                                                 |
| \\      /  F ield         | OpenFOAM: The Open Source CFD Toolbox           |
|  \\    /   O peration     | Version:  2412                                  |
|   \\  /    A nd           | Website:  www.openfoam.com                      |
|    \\/     M anipulation  |                                                 |
\*---------------------------------------------------------------------------*/
FoamFile
{
    version     2.0;
    format      ascii;
    arch        "LSB;label=32;scalar=64";
    class       faceList;
    location    "constant/polyMesh";
    object      faces;
}
// * * * * * * * * * * * * * * * * * * * * * * * * * * * * * * * * * * * * * //


548
(
4(1 20 116 97)
4(21 7 103 117)
4(32 12 108 128)
4(32 128 109 13)
4(33 129 120 24)
4(33 23 119 129)
4(34 17 113 130)
4(34 130 114 18)
4(35 131 116 20)
4(35 19 115 131)
4(35 1 97 131)
4(35 131 98 2)
4(36 132 103 7)
4(36 6 102 132)
4(21 36 132 117)
4(36 132 118 22)
4(37 133 126 30)
4(37 29 125 133)
4(38 12 108 134)
4(38 134 128 32)
4(38 11 107 134)
4(13 39 135 109)
4(32 128 135 39)
4(39 135 110 14)
4(40 4 100 136)
4(40 136 101 5)
4(24 41 137 120)
4(33 129 137 41)
4(41 137 121 25)
4(42 17 113 138)
4(42 138 130 34)
4(42 16 112 138)
4(43 19 115 139)
4(43 139 131 35)
4(18 43 139 114)
4(34 130 139 43)
4(2 44 140 98)
4(35 131 140 44)
4(44 140 99 3)
4(45 23 119 141)
4(45 141 129 33)
4(22 45 141 118)
4(36 132 141 45)
4(46 142 106 10)
4(30 47 143 126)
4(37 133 143 47)
4(48 29 125 144)
4(48 144 133 37)
4(48 28 124 144)
4(10 49 145 106)
4(46 142 145 49)
4(49 11 107 145)
4(49 145 134 38)
4(14 50 146 110)
4(39 135 146 50)
4(50 146 111 15)
4(3 51 147 99)
4(44 140 147 51)
4(51 4 100 147)
4(51 147 136 40)
4(52 6 102 148)
4(52 148 132 36)
4(5 52 148 101)
4(40 136 148 52)
4(53 26 122 149)
4(53 149 123 27)
4(54 26 122 150)
4(54 150 149 53)
4(25 54 150 121)
4(41 137 150 54)
4(15 55 151 111)
4(50 146 151 55)
4(55 16 112 151)
4(55 151 138 42)
4(56 28 124 152)
4(56 152 144 48)
4(27 56 152 123)
4(53 149 152 56)
4(59 35 131 155)
4(59 155 140 44)
4(43 139 155 59)
4(36 60 156 132)
4(52 148 156 60)
4(60 156 141 45)
4(32 61 157 128)
4(38 134 157 61)
4(62 37 133 158)
4(48 63 159 144)
4(56 152 159 63)
4(51 147 160 64)
4(40 64 160 136)
4(65 33 129 161)
4(65 161 137 41)
4(34 66 162 130)
4(42 138 162 66)
4(67 51 147 163)
4(67 163 160 64)
4(44 67 163 140)
4(59 155 163 67)
4(34 68 164 130)
4(66 162 164 68)
4(68 43 139 164)
4(68 164 155 59)
4(69 33 129 165)
4(69 165 161 65)
4(45 69 165 141)
4(60 156 165 69)
4(32 71 167 128)
4(61 157 167 71)
4(71 167 135 39)
4(72 38 134 168)
4(72 168 157 61)
4(49 145 168 72)
4(48 73 169 144)
4(63 159 169 73)
4(73 37 133 169)
4(73 169 158 62)
4(75 56 152 171)
4(75 171 159 63)
4(75 53 149 171)
4(62 158 172 76)
4(57 76 172 153)
4(76 172 169 73)
4(76 63 159 172)
4(77 52 148 173)
4(77 173 156 60)
4(40 77 173 136)
4(64 160 173 77)
4(41 78 174 137)
4(65 161 174 78)
4(78 174 150 54)
4(64 160 175 79)
4(64 58 154 160)
4(58 79 175 154)
4(67 163 175 79)
4(79 175 164 68)
4(79 66 162 175)
4(59 79 175 155)
4(80 42 138 176)
4(80 176 162 66)
4(55 151 176 80)
4(61 157 177 81)
4(61 57 153 157)
4(81 177 168 72)
4(70 72 168 166)
4(82 178 172 76)
4(82 63 159 178)
4(57 82 178 153)
4(39 83 179 135)
4(71 167 179 83)
4(83 179 146 50)
4(84 180 161 65)
4(58 65 161 154)
4(84 58 154 180)
4(84 180 174 78)
4(78 74 170 174)
4(74 84 180 170)
4(85 63 159 181)
4(85 181 178 82)
4(85 181 171 75)
4(74 75 171 170)
4(85 74 170 181)
4(58 86 182 154)
4(65 161 182 86)
4(86 64 160 182)
4(86 182 173 77)
4(69 165 182 86)
4(60 86 182 156)
4(87 183 171 75)
4(87 53 149 183)
4(87 74 170 183)
4(87 183 174 78)
4(54 87 183 150)
4(88 184 175 79)
4(88 66 162 184)
4(58 88 184 154)
4(89 185 168 72)
4(89 49 145 185)
4(90 186 167 71)
4(90 61 157 186)
4(90 186 179 83)
4(82 90 186 178)
4(83 82 178 179)
4(57 90 186 153)
4(91 187 179 83)
4(91 82 178 187)
4(92 188 176 80)
4(92 55 151 188)
4(92 188 187 91)
4(80 91 187 176)
4(83 92 188 179)
4(50 92 188 146)
4(84 180 189 93)
4(74 93 189 170)
4(58 93 189 154)
4(88 184 189 93)
4(80 94 190 176)
4(91 187 190 94)
4(94 88 184 190)
4(94 190 189 93)
4(94 66 162 190)
4(82 95 191 178)
4(85 181 191 95)
4(95 191 187 91)
4(95 191 190 94)
4(93 95 191 189)
4(74 95 191 170)
4(0 96 116 20)
4(12 13 109 108)
4(17 18 114 113)
4(19 20 116 115)
4(11 12 108 107)
4(13 14 110 109)
4(16 17 113 112)
4(18 19 115 114)
4(9 10 106 105)
4(10 11 107 106)
4(14 15 111 110)
4(15 16 112 111)
4(0 1 97 96)
4(8 104 103 7)
4(1 2 98 97)
4(6 7 103 102)
4(4 5 101 100)
4(2 3 99 98)
4(3 4 100 99)
4(5 6 102 101)
4(8 21 117 104)
4(23 24 120 119)
4(21 22 118 117)
4(29 30 126 125)
4(24 25 121 120)
4(22 23 119 118)
4(30 31 127 126)
4(28 29 125 124)
4(26 27 123 122)
4(25 26 122 121)
4(27 28 124 123)
3(0 20 1)
3(96 97 116)
3(8 7 21)
3(104 117 103)
3(32 13 12)
3(128 108 109)
3(33 24 23)
3(129 119 120)
3(34 18 17)
3(130 113 114)
3(35 20 19)
3(131 115 116)
3(35 2 1)
3(131 97 98)
3(20 35 1)
3(116 97 131)
3(36 7 6)
3(132 102 103)
3(7 36 21)
3(103 117 132)
3(36 22 21)
3(132 117 118)
3(37 30 29)
3(133 125 126)
3(38 32 12)
3(134 108 128)
3(38 12 11)
3(134 107 108)
3(32 39 13)
3(128 109 135)
3(39 14 13)
3(135 109 110)
3(40 5 4)
3(136 100 101)
3(33 41 24)
3(129 120 137)
3(41 25 24)
3(137 120 121)
3(42 34 17)
3(138 113 130)
3(42 17 16)
3(138 112 113)
3(43 35 19)
3(139 115 131)
3(34 43 18)
3(130 114 139)
3(43 19 18)
3(139 114 115)
3(35 44 2)
3(131 98 140)
3(44 3 2)
3(140 98 99)
3(45 33 23)
3(141 119 129)
3(36 45 22)
3(132 118 141)
3(45 23 22)
3(141 118 119)
3(46 10 9)
3(142 105 106)
3(37 47 30)
3(133 126 143)
3(47 31 30)
3(143 126 127)
3(48 37 29)
3(144 125 133)
3(48 29 28)
3(144 124 125)
3(46 49 10)
3(142 106 145)
3(49 38 11)
3(145 107 134)
3(49 11 10)
3(145 106 107)
3(39 50 14)
3(135 110 146)
3(50 15 14)
3(146 110 111)
3(44 51 3)
3(140 99 147)
3(51 40 4)
3(147 100 136)
3(51 4 3)
3(147 99 100)
3(52 36 6)
3(148 102 132)
3(40 52 5)
3(136 101 148)
3(52 6 5)
3(148 101 102)
3(53 27 26)
3(149 122 123)
3(54 53 26)
3(150 122 149)
3(41 54 25)
3(137 121 150)
3(54 26 25)
3(150 121 122)
3(50 55 15)
3(146 111 151)
3(55 42 16)
3(151 112 138)
3(55 16 15)
3(151 111 112)
3(56 48 28)
3(152 124 144)
3(53 56 27)
3(149 123 152)
3(56 28 27)
3(152 123 124)
3(59 44 35)
3(155 131 140)
3(43 59 35)
3(139 131 155)
3(52 60 36)
3(148 132 156)
3(60 45 36)
3(156 132 141)
3(38 61 32)
3(134 128 157)
3(62 47 37)
3(158 133 143)
3(56 63 48)
3(152 144 159)
3(51 64 40)
3(147 136 160)
3(65 41 33)
3(161 129 137)
3(42 66 34)
3(138 130 162)
3(67 64 51)
3(163 147 160)
3(59 67 44)
3(155 140 163)
3(67 51 44)
3(163 140 147)
3(66 68 34)
3(162 130 164)
3(68 59 43)
3(164 139 155)
3(68 43 34)
3(164 130 139)
3(69 65 33)
3(165 129 161)
3(60 69 45)
3(156 141 165)
3(45 69 33)
3(141 129 165)
3(61 71 32)
3(157 128 167)
3(71 39 32)
3(167 128 135)
3(72 61 38)
3(168 134 157)
3(49 72 38)
3(145 134 168)
3(63 73 48)
3(159 144 169)
3(73 62 37)
3(169 133 158)
3(48 73 37)
3(144 133 169)
3(75 63 56)
3(171 152 159)
3(75 56 53)
3(171 149 152)
3(62 76 57)
3(158 153 172)
3(76 73 63)
3(172 159 169)
3(73 76 62)
3(169 158 172)
3(77 60 52)
3(173 148 156)
3(64 77 40)
3(160 136 173)
3(77 52 40)
3(173 136 148)
3(65 78 41)
3(161 137 174)
3(78 54 41)
3(174 137 150)
3(64 79 58)
3(160 154 175)
3(67 79 64)
3(163 160 175)
3(79 68 66)
3(175 162 164)
3(68 79 59)
3(164 155 175)
3(79 67 59)
3(175 155 163)
3(80 66 42)
3(176 138 162)
3(55 80 42)
3(151 138 176)
3(61 81 57)
3(157 153 177)
3(81 72 70)
3(177 166 168)
3(72 81 61)
3(168 157 177)
3(82 76 63)
3(178 159 172)
3(76 82 57)
3(172 153 178)
3(71 83 39)
3(167 135 179)
3(83 50 39)
3(179 135 146)
3(84 65 58)
3(180 154 161)
3(84 78 65)
3(180 161 174)
3(78 84 74)
3(174 170 180)
3(85 82 63)
3(181 159 178)
3(85 75 74)
3(181 170 171)
3(75 85 63)
3(171 159 181)
3(65 86 58)
3(161 154 182)
3(86 77 64)
3(182 160 173)
3(86 64 58)
3(182 154 160)
3(69 86 65)
3(165 161 182)
3(77 86 60)
3(173 156 182)
3(86 69 60)
3(182 156 165)
3(87 75 53)
3(183 149 171)
3(87 78 74)
3(183 170 174)
3(75 87 74)
3(171 170 183)
3(78 87 54)
3(174 150 183)
3(54 87 53)
3(150 149 183)
3(88 79 66)
3(184 162 175)
3(79 88 58)
3(175 154 184)
3(89 72 49)
3(185 145 168)
3(72 89 70)
3(168 166 185)
3(89 49 46)
3(185 142 145)
3(90 71 61)
3(186 157 167)
3(90 83 71)
3(186 167 179)
3(83 90 82)
3(179 178 186)
3(82 90 57)
3(178 153 186)
3(90 61 57)
3(186 153 157)
3(91 83 82)
3(187 178 179)
3(92 80 55)
3(188 151 176)
3(92 91 80)
3(188 176 187)
3(91 92 83)
3(187 179 188)
3(83 92 50)
3(179 146 188)
3(92 55 50)
3(188 146 151)
3(84 93 74)
3(180 170 189)
3(88 93 58)
3(184 154 189)
3(93 84 58)
3(189 154 180)
3(91 94 80)
3(187 176 190)
3(94 93 88)
3(190 184 189)
3(94 88 66)
3(190 162 184)
3(80 94 66)
3(176 162 190)
3(85 95 82)
3(181 178 191)
3(95 91 82)
3(191 178 187)
3(95 94 91)
3(191 187 190)
3(94 95 93)
3(190 189 191)
3(93 95 74)
3(189 170 191)
3(95 85 74)
3(191 170 181)
4(9 105 142 46)
4(47 143 127 31)
4(62 158 143 47)
4(57 153 158 62)
4(57 81 177 153)
4(81 70 166 177)
4(70 89 185 166)
4(46 142 185 89)
)


// ************************************************************************* //
