/*--------------------------------*- C++ -*----------------------------------*\
| =========                 |                                                 |
| \\      /  F ield         | OpenFOAM: The Open Source CFD Toolbox           |
|  \\    /   O peration     | Version:  2412                                  |
|   \\  /    A nd           | Website:  www.openfoam.com                      |
|    \\/     M anipulation  |                                                 |
\*---------------------------------------------------------------------------*/
FoamFile
{
    version     2.0;
    format      ascii;
    arch        "LSB;label=32;scalar=64";
    class       vectorField;
    location    "constant/polyMesh";
    object      points;
}
// * * * * * * * * * * * * * * * * * * * * * * * * * * * * * * * * * * * * * //


192
(
(48 64 0.9377383239)
(50 64 0.9377383239)
(52 64 0.9377383239)
(54 64 0.9377383239)
(56 64 0.9377383239)
(58 64 0.9377383239)
(60 64 0.9377383239)
(62 64 0.9377383239)
(64 64 0.9377383239)
(48 40 0.9377383239)
(48 42 0.9377383239)
(48 44 0.9377383239)
(48 46 0.9377383239)
(48 48 0.9377383239)
(48 50 0.9377383239)
(48 52 0.9377383239)
(48 54 0.9377383239)
(48 56 0.9377383239)
(48 58 0.9377383239)
(48 60 0.9377383239)
(48 62 0.9377383239)
(63.99999619 62.20660019 0.9377383239)
(64 60.37098312 0.9377383239)
(63.99999619 58.49774933 0.9377383239)
(64.00000763 56.5919838 0.9377383239)
(64 54.65910339 0.9377383239)
(64.00000763 52.70492935 0.9377383239)
(63.99998856 50.73545456 0.9377383239)
(64.00000763 48.75697327 0.9377383239)
(64 46.77580261 0.9377383239)
(64 44.79835892 0.9377383239)
(64 42.83097839 0.9377383239)
(49.73205081 47 0.9377383239)
(62.34956054 57.54485665 0.9377383239)
(49.73205081 57 0.9377383239)
(51 62.26794919 0.9377383239)
(62.41030708 61.28878835 0.9377383239)
(62.28748353 45.78708076 0.9377383239)
(49.73205081 45 0.9377383239)
(49.73205081 49 0.9377383239)
(57 62.26794919 0.9377383239)
(62.32608028 55.6255502 0.9377383239)
(49.73205081 55 0.9377383239)
(49.73205081 59 0.9377383239)
(53 62.26794919 0.9377383239)
(62.37773004 59.43436953 0.9377383239)
(49.73205081 41 0.9377383239)
(62.29619849 43.81466866 0.9377383239)
(62.2842597 47.76639455 0.9377383239)
(49.73205081 43 0.9377383239)
(49.73205081 51 0.9377383239)
(55 62.26794919 0.9377383239)
(59 62.26794919 0.9377383239)
(62.29438289 51.72020847 0.9377383239)
(62.30763945 53.68200977 0.9377383239)
(49.73205081 53 0.9377383239)
(62.28658303 49.74619739 0.9377383239)
(55.97174915 46 0.9377383239)
(56.80230414 56.65292338 0.9377383239)
(52 60 0.9377383239)
(60.30888471 60.39820901 0.9377383239)
(52.7717679 46 0.9377383239)
(59.09230325 44.78673778 0.9377383239)
(58.60265634 48.76061776 0.9377383239)
(56 59.49216437 0.9377383239)
(59.65324642 56.61804575 0.9377383239)
(53.22660672 56 0.9377383239)
(54 60.47258412 0.9377383239)
(51.52741588 58 0.9377383239)
(60.69026598 58.5145604 0.9377383239)
(53.58319489 42 0.9377383239)
(51.74537633 48 0.9377383239)
(51.74537633 44 0.9377383239)
(60.22451096 46.77338019 0.9377383239)
(58.45498911 52.727098 0.9377383239)
(60.04635023 50.74207012 0.9377383239)
(58.02949995 46.6728893 0.9377383239)
(58.09251882 60.239677 0.9377383239)
(60.451122 54.67148261 0.9377383239)
(54.7793054 57.61424734 0.9377383239)
(51.90856785 54 0.9377383239)
(54.37175852 44.24226717 0.9377383239)
(55.04826014 49.51405238 0.9377383239)
(51.48374957 50 0.9377383239)
(58.20695325 54.93346489 0.9377383239)
(57.98983032 50.72379185 0.9377383239)
(58.24641215 58.15888642 0.9377383239)
(60.54142264 52.6766265 0.9377383239)
(55.12349581 55.7293083 0.9377383239)
(51.46422401 42 0.9377383239)
(53.83207674 47.80751594 0.9377383239)
(53.54501886 51.8036426 0.9377383239)
(51.49990761 52.02084276 0.9377383239)
(56.21643396 53.59256891 0.9377383239)
(53.92409144 54.1060374 0.9377383239)
(55.65090325 51.54799576 0.9377383239)
(48 64 -0.9377383239)
(50 64 -0.9377383239)
(52 64 -0.9377383239)
(54 64 -0.9377383239)
(56 64 -0.9377383239)
(58 64 -0.9377383239)
(60 64 -0.9377383239)
(62 64 -0.9377383239)
(64 64 -0.9377383239)
(48 40 -0.9377383239)
(48 42 -0.9377383239)
(48 44 -0.9377383239)
(48 46 -0.9377383239)
(48 48 -0.9377383239)
(48 50 -0.9377383239)
(48 52 -0.9377383239)
(48 54 -0.9377383239)
(48 56 -0.9377383239)
(48 58 -0.9377383239)
(48 60 -0.9377383239)
(48 62 -0.9377383239)
(63.99999619 62.20660019 -0.9377383239)
(64 60.37098312 -0.9377383239)
(63.99999619 58.49774933 -0.9377383239)
(64.00000763 56.5919838 -0.9377383239)
(64 54.65910339 -0.9377383239)
(64.00000763 52.70492935 -0.9377383239)
(63.99998856 50.73545456 -0.9377383239)
(64.00000763 48.75697327 -0.9377383239)
(64 46.77580261 -0.9377383239)
(64 44.79835892 -0.9377383239)
(64 42.83097839 -0.9377383239)
(49.73205081 47 -0.9377383239)
(62.34956054 57.54485665 -0.9377383239)
(49.73205081 57 -0.9377383239)
(51 62.26794919 -0.9377383239)
(62.41030708 61.28878835 -0.9377383239)
(62.28748353 45.78708076 -0.9377383239)
(49.73205081 45 -0.9377383239)
(49.73205081 49 -0.9377383239)
(57 62.26794919 -0.9377383239)
(62.32608028 55.6255502 -0.9377383239)
(49.73205081 55 -0.9377383239)
(49.73205081 59 -0.9377383239)
(53 62.26794919 -0.9377383239)
(62.37773004 59.43436953 -0.9377383239)
(49.73205081 41 -0.9377383239)
(62.29619849 43.81466866 -0.9377383239)
(62.2842597 47.76639455 -0.9377383239)
(49.73205081 43 -0.9377383239)
(49.73205081 51 -0.9377383239)
(55 62.26794919 -0.9377383239)
(59 62.26794919 -0.9377383239)
(62.29438289 51.72020847 -0.9377383239)
(62.30763945 53.68200977 -0.9377383239)
(49.73205081 53 -0.9377383239)
(62.28658303 49.74619739 -0.9377383239)
(55.97174915 46 -0.9377383239)
(56.80230414 56.65292338 -0.9377383239)
(52 60 -0.9377383239)
(60.30888471 60.39820901 -0.9377383239)
(52.7717679 46 -0.9377383239)
(59.09230325 44.78673778 -0.9377383239)
(58.60265634 48.76061776 -0.9377383239)
(56 59.49216437 -0.9377383239)
(59.65324642 56.61804575 -0.9377383239)
(53.22660672 56 -0.9377383239)
(54 60.47258412 -0.9377383239)
(51.52741588 58 -0.9377383239)
(60.69026598 58.5145604 -0.9377383239)
(53.58319489 42 -0.9377383239)
(51.74537633 48 -0.9377383239)
(51.74537633 44 -0.9377383239)
(60.22451096 46.77338019 -0.9377383239)
(58.45498911 52.727098 -0.9377383239)
(60.04635023 50.74207012 -0.9377383239)
(58.02949995 46.6728893 -0.9377383239)
(58.09251882 60.239677 -0.9377383239)
(60.451122 54.67148261 -0.9377383239)
(54.7793054 57.61424734 -0.9377383239)
(51.90856785 54 -0.9377383239)
(54.37175852 44.24226717 -0.9377383239)
(55.04826014 49.51405238 -0.9377383239)
(51.48374957 50 -0.9377383239)
(58.20695325 54.93346489 -0.9377383239)
(57.98983032 50.72379185 -0.9377383239)
(58.24641215 58.15888642 -0.9377383239)
(60.54142264 52.6766265 -0.9377383239)
(55.12349581 55.7293083 -0.9377383239)
(51.46422401 42 -0.9377383239)
(53.83207674 47.80751594 -0.9377383239)
(53.54501886 51.8036426 -0.9377383239)
(51.49990761 52.02084276 -0.9377383239)
(56.21643396 53.59256891 -0.9377383239)
(53.92409144 54.1060374 -0.9377383239)
(55.65090325 51.54799576 -0.9377383239)
)


// ************************************************************************* //
