/*--------------------------------*- C++ -*----------------------------------*\
| =========                 |                                                 |
| \\      /  F ield         | OpenFOAM: The Open Source CFD Toolbox           |
|  \\    /   O peration     | Version:  2412                                  |
|   \\  /    A nd           | Website:  www.openfoam.com                      |
|    \\/     M anipulation  |                                                 |
\*---------------------------------------------------------------------------*/
FoamFile
{
    version     2.0;
    format      ascii;
    arch        "LSB;label=32;scalar=64";
    class       faceList;
    location    "constant/polyMesh";
    object      faces;
}
// * * * * * * * * * * * * * * * * * * * * * * * * * * * * * * * * * * * * * //


142
(
4(6 35 33 4)
4(6 5 34 35)
4(4 7 36 33)
4(6 35 36 7)
4(7 36 32 3)
4(8 37 35 6)
4(9 2 31 38)
4(9 38 30 1)
4(10 2 31 39)
4(10 39 38 9)
4(3 10 39 32)
4(7 36 39 10)
4(1 11 40 30)
4(9 38 40 11)
4(14 43 36 7)
4(14 6 35 43)
4(7 17 46 36)
4(14 43 46 17)
4(17 46 39 10)
4(18 6 35 47)
4(18 47 43 14)
4(20 9 38 49)
4(21 9 38 50)
4(21 50 49 20)
4(10 21 50 39)
4(17 46 50 21)
4(23 52 43 14)
4(23 12 41 52)
4(12 14 43 41)
4(23 52 46 17)
4(25 54 52 23)
4(25 12 41 54)
4(19 25 54 48)
4(23 19 48 52)
4(25 54 51 22)
4(25 15 44 54)
4(14 26 55 43)
4(18 47 55 26)
4(25 54 56 27)
4(19 27 56 48)
4(27 56 53 24)
4(19 24 53 48)
4(24 53 57 28)
4(19 28 57 48)
4(28 20 49 57)
4(21 50 57 28)
4(28 57 52 23)
4(17 28 57 46)
4(5 4 33 34)
4(4 3 32 33)
4(2 1 30 31)
4(3 2 31 32)
4(1 0 29 30)
3(6 4 5)
3(35 34 33)
3(6 7 4)
3(35 33 36)
3(7 3 4)
3(36 33 32)
3(8 6 5)
3(37 34 35)
3(9 1 2)
3(38 31 30)
3(10 9 2)
3(39 31 38)
3(7 10 3)
3(36 32 39)
3(10 2 3)
3(39 32 31)
3(9 11 1)
3(38 30 40)
3(11 0 1)
3(40 30 29)
3(14 7 6)
3(43 35 36)
3(14 17 7)
3(43 36 46)
3(17 10 7)
3(46 36 39)
3(18 14 6)
3(47 35 43)
3(8 18 6)
3(37 35 47)
3(20 11 9)
3(49 38 40)
3(21 20 9)
3(50 38 49)
3(17 21 10)
3(46 39 50)
3(10 21 9)
3(39 38 50)
3(23 14 12)
3(52 41 43)
3(23 17 14)
3(52 43 46)
3(25 23 12)
3(54 41 52)
3(23 25 19)
3(52 48 54)
3(25 22 15)
3(54 44 51)
3(22 25 12)
3(51 41 54)
3(18 26 14)
3(47 43 55)
3(14 26 12)
3(43 41 55)
3(26 18 16)
3(55 45 47)
3(25 27 19)
3(54 48 56)
3(27 25 15)
3(56 44 54)
3(27 24 19)
3(56 48 53)
3(24 27 13)
3(53 42 56)
3(24 28 19)
3(53 48 57)
3(28 24 20)
3(57 49 53)
3(21 28 20)
3(50 49 57)
3(28 23 19)
3(57 48 52)
3(23 28 17)
3(52 46 57)
3(28 21 17)
3(57 46 50)
4(11 40 29 0)
4(20 49 40 11)
4(22 51 44 15)
4(13 42 53 24)
4(20 24 53 49)
4(27 15 44 56)
4(13 27 56 42)
4(8 5 34 37)
4(8 37 47 18)
4(18 47 45 16)
4(12 41 51 22)
4(26 55 41 12)
4(16 45 55 26)
)


// ************************************************************************* //
