/*--------------------------------*- C++ -*----------------------------------*\
| =========                 |                                                 |
| \\      /  F ield         | OpenFOAM: The Open Source CFD Toolbox           |
|  \\    /   O peration     | Version:  2412                                  |
|   \\  /    A nd           | Website:  www.openfoam.com                      |
|    \\/     M anipulation  |                                                 |
\*---------------------------------------------------------------------------*/
FoamFile
{
    version     2.0;
    format      ascii;
    arch        "LSB;label=32;scalar=64";
    class       faceList;
    location    "constant/polyMesh";
    object      faces;
}
// * * * * * * * * * * * * * * * * * * * * * * * * * * * * * * * * * * * * * //


142
(
4(5 34 40 11)
4(1 11 40 30)
4(5 1 30 34)
4(2 12 41 31)
4(7 36 41 12)
4(0 12 41 29)
4(14 43 42 13)
4(14 0 29 43)
4(0 13 42 29)
4(13 3 32 42)
4(3 14 43 32)
4(15 44 37 8)
4(3 8 37 32)
4(15 3 32 44)
4(10 39 44 15)
4(4 15 44 33)
4(16 45 44 15)
4(17 46 40 11)
4(17 5 34 46)
4(11 40 48 19)
4(6 11 40 35)
4(0 20 49 29)
4(12 41 49 20)
4(20 49 46 17)
4(20 9 38 49)
4(9 17 46 38)
4(11 20 49 40)
4(20 49 43 14)
4(14 9 38 43)
4(6 21 50 35)
4(11 40 50 21)
4(21 7 36 50)
4(21 50 41 12)
4(21 50 49 20)
4(3 22 51 32)
4(24 53 46 17)
4(9 24 53 38)
4(25 5 34 54)
4(27 4 33 56)
4(27 56 55 26)
4(15 44 56 27)
4(24 27 56 53)
4(9 27 56 38)
4(3 28 57 32)
4(14 43 57 28)
4(28 15 44 57)
4(28 57 56 27)
4(9 28 57 38)
3(5 11 1)
3(34 30 40)
3(7 12 2)
3(36 31 41)
3(2 12 0)
3(31 29 41)
3(14 13 0)
3(43 29 42)
3(13 14 3)
3(42 32 43)
3(15 8 3)
3(44 32 37)
3(10 15 4)
3(39 33 44)
3(16 15 10)
3(45 39 44)
3(15 16 8)
3(44 37 45)
3(17 11 5)
3(46 34 40)
3(11 19 1)
3(40 30 48)
3(19 11 6)
3(48 35 40)
3(12 20 0)
3(41 29 49)
3(20 17 9)
3(49 38 46)
3(17 20 11)
3(46 40 49)
3(20 14 0)
3(49 29 43)
3(14 20 9)
3(43 38 49)
3(11 21 6)
3(40 35 50)
3(21 12 7)
3(50 36 41)
3(21 7 6)
3(50 35 36)
3(21 20 12)
3(50 41 49)
3(20 21 11)
3(49 40 50)
3(8 22 3)
3(37 32 51)
3(22 13 3)
3(51 32 42)
3(13 23 0)
3(42 29 52)
3(24 17 5)
3(53 34 46)
3(17 24 9)
3(46 38 53)
3(25 18 5)
3(54 34 47)
3(25 5 1)
3(54 30 34)
3(27 26 4)
3(56 33 55)
3(15 27 4)
3(44 33 56)
3(26 27 24)
3(55 53 56)
3(24 27 9)
3(53 38 56)
3(14 28 3)
3(43 32 57)
3(28 27 15)
3(57 44 56)
3(28 15 3)
3(57 32 44)
3(27 28 9)
3(56 38 57)
3(28 14 9)
3(57 38 43)
4(7 36 35 6)
4(1 19 48 30)
4(6 35 48 19)
4(25 1 30 54)
4(25 54 47 18)
4(8 16 45 37)
4(16 10 39 45)
4(8 37 51 22)
4(22 51 42 13)
4(10 4 33 39)
4(24 5 34 53)
4(5 18 47 34)
4(26 24 53 55)
4(26 55 33 4)
4(7 2 31 36)
4(0 29 31 2)
4(13 42 52 23)
4(0 23 52 29)
)


// ************************************************************************* //
