/*--------------------------------*- C++ -*----------------------------------*\
| =========                 |                                                 |
| \\      /  F ield         | OpenFOAM: The Open Source CFD Toolbox           |
|  \\    /   O peration     | Version:  2412                                  |
|   \\  /    A nd           | Website:  www.openfoam.com                      |
|    \\/     M anipulation  |                                                 |
\*---------------------------------------------------------------------------*/
FoamFile
{
    version     2.0;
    format      ascii;
    arch        "LSB;label=32;scalar=64";
    class       faceList;
    location    "constant/polyMesh";
    object      faces;
}
// * * * * * * * * * * * * * * * * * * * * * * * * * * * * * * * * * * * * * //


141
(
4(5 33 29 1)
4(5 2 30 33)
4(1 6 34 29)
4(5 33 34 6)
4(6 34 28 0)
4(7 2 30 35)
4(7 35 33 5)
4(7 3 31 35)
4(6 34 37 9)
4(10 3 31 38)
4(10 38 35 7)
4(4 10 38 32)
4(8 36 38 10)
4(8 17 45 36)
4(12 40 45 17)
4(17 45 38 10)
4(7 35 46 18)
4(5 18 46 33)
4(11 19 47 39)
4(14 11 39 42)
4(20 9 37 48)
4(20 48 43 15)
4(20 6 34 48)
4(11 21 49 39)
4(16 11 39 44)
4(21 49 41 13)
4(11 13 41 39)
4(20 48 50 22)
4(13 22 50 41)
4(13 20 48 41)
4(23 7 35 51)
4(23 51 46 18)
4(10 23 51 38)
4(17 45 51 23)
4(24 11 39 52)
4(25 11 39 53)
4(25 53 42 14)
4(18 25 53 46)
4(23 51 53 25)
4(13 25 53 41)
4(18 13 41 46)
4(20 48 54 26)
4(13 26 54 41)
4(26 6 34 54)
4(26 5 33 54)
4(26 54 46 18)
4(25 53 55 27)
4(27 55 45 17)
4(27 23 51 55)
4(2 1 29 30)
4(1 0 28 29)
4(3 2 30 31)
4(4 3 31 32)
3(5 1 2)
3(33 30 29)
3(5 6 1)
3(33 29 34)
3(6 0 1)
3(34 29 28)
3(7 5 2)
3(35 30 33)
3(7 2 3)
3(35 31 30)
3(6 9 0)
3(34 28 37)
3(10 7 3)
3(38 31 35)
3(8 10 4)
3(36 32 38)
3(10 3 4)
3(38 32 31)
3(12 17 8)
3(40 36 45)
3(17 10 8)
3(45 36 38)
3(7 18 5)
3(35 33 46)
3(14 19 11)
3(42 39 47)
3(20 15 9)
3(48 37 43)
3(20 9 6)
3(48 34 37)
3(16 21 11)
3(44 39 49)
3(21 13 11)
3(49 39 41)
3(20 22 15)
3(48 43 50)
3(21 22 13)
3(49 41 50)
3(22 20 13)
3(50 41 48)
3(23 18 7)
3(51 35 46)
3(17 23 10)
3(45 38 51)
3(10 23 7)
3(38 35 51)
3(24 16 11)
3(52 39 44)
3(19 24 11)
3(47 39 52)
3(25 14 11)
3(53 39 42)
3(23 25 18)
3(51 46 53)
3(18 25 13)
3(46 41 53)
3(13 25 11)
3(41 39 53)
3(20 26 13)
3(48 41 54)
3(26 20 6)
3(54 34 48)
3(26 6 5)
3(54 33 34)
3(26 18 13)
3(54 41 46)
3(18 26 5)
3(46 33 54)
3(25 27 14)
3(53 42 55)
3(27 17 12)
3(55 40 45)
3(27 25 23)
3(55 51 53)
3(27 23 17)
3(55 45 51)
4(0 9 37 28)
4(15 43 37 9)
4(8 4 32 36)
4(12 8 36 40)
4(16 44 49 21)
4(22 21 49 50)
4(15 22 50 43)
4(27 55 42 14)
4(12 40 55 27)
4(14 42 47 19)
4(24 52 44 16)
4(19 47 52 24)
)


// ************************************************************************* //
