/*--------------------------------*- C++ -*----------------------------------*\
| =========                 |                                                 |
| \\      /  F ield         | OpenFOAM: The Open Source CFD Toolbox           |
|  \\    /   O peration     | Version:  2412                                  |
|   \\  /    A nd           | Website:  www.openfoam.com                      |
|    \\/     M anipulation  |                                                 |
\*---------------------------------------------------------------------------*/
FoamFile
{
    version     2.0;
    format      ascii;
    arch        "LSB;label=32;scalar=64";
    class       faceList;
    location    "constant/polyMesh";
    object      faces;
}
// * * * * * * * * * * * * * * * * * * * * * * * * * * * * * * * * * * * * * //


147
(
4(3 34 36 5)
4(1 17 48 32)
4(18 6 37 49)
4(18 49 38 7)
4(20 13 44 51)
4(20 51 45 14)
4(21 52 48 17)
4(21 16 47 52)
4(1 21 52 32)
4(21 52 33 2)
4(3 34 53 22)
4(5 22 53 36)
4(2 22 53 33)
4(21 52 53 22)
4(22 6 37 53)
4(22 53 49 18)
4(7 23 54 38)
4(18 49 54 23)
4(23 54 39 8)
4(25 13 44 56)
4(25 56 51 20)
4(25 12 43 56)
4(14 26 57 45)
4(20 51 57 26)
4(26 57 46 15)
4(27 58 57 26)
4(27 20 51 58)
4(23 27 58 54)
4(26 23 54 57)
4(8 27 58 39)
4(27 58 40 9)
4(28 23 54 59)
4(28 59 57 26)
4(28 18 49 59)
4(15 28 59 46)
4(28 59 47 16)
4(28 59 52 21)
4(28 59 53 22)
4(29 60 58 27)
4(29 20 51 60)
4(29 10 41 60)
4(29 60 55 24)
4(9 29 60 40)
4(29 60 56 25)
4(24 25 56 55)
4(30 12 43 61)
4(30 61 56 25)
4(24 30 61 55)
4(4 5 36 35)
4(0 31 48 17)
4(6 7 38 37)
4(13 14 45 44)
4(16 17 48 47)
4(5 6 37 36)
4(7 8 39 38)
4(12 13 44 43)
4(14 15 46 45)
4(8 9 40 39)
4(15 16 47 46)
4(9 10 41 40)
4(11 12 43 42)
4(3 4 35 34)
4(0 1 32 31)
4(1 2 33 32)
4(2 3 34 33)
3(3 5 4)
3(34 35 36)
3(0 17 1)
3(31 32 48)
3(18 7 6)
3(49 37 38)
3(20 14 13)
3(51 44 45)
3(21 17 16)
3(52 47 48)
3(17 21 1)
3(48 32 52)
3(21 2 1)
3(52 32 33)
3(3 22 5)
3(34 36 53)
3(21 22 2)
3(52 33 53)
3(22 3 2)
3(53 33 34)
3(22 18 6)
3(53 37 49)
3(22 6 5)
3(53 36 37)
3(18 23 7)
3(49 38 54)
3(23 8 7)
3(54 38 39)
3(25 20 13)
3(56 44 51)
3(25 13 12)
3(56 43 44)
3(20 26 14)
3(51 45 57)
3(26 15 14)
3(57 45 46)
3(27 26 20)
3(58 51 57)
3(26 27 23)
3(57 54 58)
3(23 27 8)
3(54 39 58)
3(27 9 8)
3(58 39 40)
3(28 26 23)
3(59 54 57)
3(28 23 18)
3(59 49 54)
3(26 28 15)
3(57 46 59)
3(28 16 15)
3(59 46 47)
3(28 21 16)
3(59 47 52)
3(28 22 21)
3(59 52 53)
3(22 28 18)
3(53 49 59)
3(29 27 20)
3(60 51 58)
3(29 24 10)
3(60 41 55)
3(27 29 9)
3(58 40 60)
3(29 10 9)
3(60 40 41)
3(29 25 24)
3(60 55 56)
3(25 29 20)
3(56 51 60)
3(30 25 12)
3(61 43 56)
3(30 12 11)
3(61 42 43)
3(25 30 24)
3(56 55 61)
3(24 30 19)
3(55 50 61)
4(24 19 50 55)
4(24 55 41 10)
4(30 61 50 19)
4(11 42 61 30)
)


// ************************************************************************* //
