/*--------------------------------*- C++ -*----------------------------------*\
| =========                 |                                                 |
| \\      /  F ield         | OpenFOAM: The Open Source CFD Toolbox           |
|  \\    /   O peration     | Version:  2412                                  |
|   \\  /    A nd           | Website:  www.openfoam.com                      |
|    \\/     M anipulation  |                                                 |
\*---------------------------------------------------------------------------*/
FoamFile
{
    version     2.0;
    format      ascii;
    arch        "LSB;label=32;scalar=64";
    class       faceList;
    location    "constant/polyMesh";
    object      faces;
}
// * * * * * * * * * * * * * * * * * * * * * * * * * * * * * * * * * * * * * //


144
(
4(11 3 34 42)
4(11 42 35 4)
4(12 43 31 0)
4(12 1 32 43)
4(13 6 37 44)
4(13 44 32 1)
4(14 3 34 45)
4(14 2 33 45)
4(4 15 46 35)
4(15 46 36 5)
4(17 48 40 9)
4(17 8 39 48)
4(5 18 49 36)
4(15 46 49 18)
4(18 6 37 49)
4(18 49 44 13)
4(9 20 51 40)
4(17 48 51 20)
4(20 51 41 10)
4(22 8 39 53)
4(22 53 48 17)
4(7 22 53 38)
4(19 50 53 22)
4(23 54 51 20)
4(15 20 51 46)
4(24 19 50 55)
4(24 55 53 22)
4(13 25 56 44)
4(24 55 56 25)
4(24 13 44 55)
4(1 25 56 32)
4(26 24 55 57)
4(26 57 56 25)
4(22 53 58 27)
4(17 27 58 48)
4(27 58 55 24)
4(27 13 44 58)
4(18 49 58 27)
4(25 28 59 56)
4(1 28 59 32)
4(28 59 43 12)
4(29 60 51 20)
4(29 17 48 60)
4(15 29 60 46)
4(29 60 49 18)
4(29 60 58 27)
4(3 4 35 34)
4(1 0 31 32)
4(6 1 32 37)
4(2 3 34 33)
4(4 5 36 35)
4(8 9 40 39)
4(5 6 37 36)
4(9 10 41 40)
4(7 8 39 38)
3(11 4 3)
3(42 34 35)
3(12 0 1)
3(43 32 31)
3(13 1 6)
3(44 37 32)
3(14 11 3)
3(45 34 42)
3(14 3 2)
3(45 33 34)
3(11 15 4)
3(42 35 46)
3(15 5 4)
3(46 35 36)
3(12 16 0)
3(43 31 47)
3(17 9 8)
3(48 39 40)
3(15 18 5)
3(46 36 49)
3(18 13 6)
3(49 37 44)
3(18 6 5)
3(49 36 37)
3(17 20 9)
3(48 40 51)
3(20 10 9)
3(51 40 41)
3(21 14 2)
3(52 33 45)
3(22 17 8)
3(53 39 48)
3(19 22 7)
3(50 38 53)
3(22 8 7)
3(53 38 39)
3(23 20 15)
3(54 46 51)
3(20 23 10)
3(51 41 54)
3(24 22 19)
3(55 50 53)
3(24 25 13)
3(55 44 56)
3(13 25 1)
3(44 32 56)
3(26 25 24)
3(57 55 56)
3(26 24 19)
3(57 50 55)
3(22 27 17)
3(53 48 58)
3(27 24 13)
3(58 44 55)
3(24 27 22)
3(55 53 58)
3(18 27 13)
3(49 44 58)
3(26 28 25)
3(57 56 59)
3(25 28 1)
3(56 32 59)
3(28 12 1)
3(59 32 43)
3(29 20 17)
3(60 48 51)
3(20 29 15)
3(51 46 60)
3(29 18 15)
3(60 46 49)
3(29 27 18)
3(60 49 58)
3(27 29 17)
3(58 48 60)
3(28 30 12)
3(59 43 61)
4(0 16 47 31)
4(12 43 47 16)
4(30 61 43 12)
4(14 45 42 11)
4(11 42 46 15)
4(21 2 33 52)
4(21 52 45 14)
4(23 15 46 54)
4(10 23 54 41)
4(28 26 57 59)
4(30 28 59 61)
4(19 7 38 50)
4(26 19 50 57)
)


// ************************************************************************* //
