/*--------------------------------*- C++ -*----------------------------------*\
| =========                 |                                                 |
| \\      /  F ield         | OpenFOAM: The Open Source CFD Toolbox           |
|  \\    /   O peration     | Version:  2412                                  |
|   \\  /    A nd           | Website:  www.openfoam.com                      |
|    \\/     M anipulation  |                                                 |
\*---------------------------------------------------------------------------*/
FoamFile
{
    version     2.0;
    format      ascii;
    arch        "LSB;label=32;scalar=64";
    class       faceList;
    location    "constant/polyMesh";
    object      faces;
}
// * * * * * * * * * * * * * * * * * * * * * * * * * * * * * * * * * * * * * //


141
(
4(5 1 29 33)
4(5 33 30 2)
4(6 1 29 34)
4(6 34 33 5)
4(2 7 35 30)
4(5 33 35 7)
4(7 35 31 3)
4(9 4 32 37)
4(9 37 36 8)
4(3 9 37 31)
4(7 35 37 9)
4(5 14 42 33)
4(15 8 36 43)
4(15 43 40 12)
4(9 37 43 15)
4(5 17 45 33)
4(14 42 45 17)
4(17 45 35 7)
4(12 18 46 40)
4(15 43 46 18)
4(10 18 46 38)
4(7 19 47 35)
4(17 45 47 19)
4(19 9 37 47)
4(19 47 43 15)
4(20 14 42 48)
4(20 48 45 17)
4(11 14 42 39)
4(20 11 39 48)
4(16 44 51 23)
4(13 23 51 41)
4(10 23 51 38)
4(18 46 51 23)
4(24 18 46 52)
4(24 52 51 23)
4(15 24 52 43)
4(19 47 52 24)
4(25 53 48 20)
4(26 22 50 54)
4(26 54 53 25)
4(26 13 41 54)
4(23 26 54 51)
4(24 52 54 26)
4(17 27 55 45)
4(20 48 55 27)
4(27 19 47 55)
4(27 55 52 24)
4(27 55 54 26)
4(25 27 55 53)
4(1 2 30 29)
4(0 1 29 28)
4(2 3 31 30)
4(3 4 32 31)
3(5 2 1)
3(33 29 30)
3(6 5 1)
3(34 29 33)
3(6 1 0)
3(34 28 29)
3(5 7 2)
3(33 30 35)
3(7 3 2)
3(35 30 31)
3(9 8 4)
3(37 32 36)
3(7 9 3)
3(35 31 37)
3(9 4 3)
3(37 31 32)
3(6 14 5)
3(34 33 42)
3(15 12 8)
3(43 36 40)
3(9 15 8)
3(37 36 43)
3(14 17 5)
3(42 33 45)
3(17 7 5)
3(45 33 35)
3(15 18 12)
3(43 40 46)
3(12 18 10)
3(40 38 46)
3(17 19 7)
3(45 35 47)
3(19 15 9)
3(47 37 43)
3(19 9 7)
3(47 35 37)
3(20 17 14)
3(48 42 45)
3(20 14 11)
3(48 39 42)
3(14 21 11)
3(42 39 49)
3(16 23 13)
3(44 41 51)
3(18 23 10)
3(46 38 51)
3(23 16 10)
3(51 38 44)
3(24 23 18)
3(52 46 51)
3(19 24 15)
3(47 43 52)
3(24 18 15)
3(52 43 46)
3(25 20 11)
3(53 39 48)
3(26 25 22)
3(54 50 53)
3(26 22 13)
3(54 41 50)
3(24 26 23)
3(52 51 54)
3(23 26 13)
3(51 41 54)
3(20 27 17)
3(48 45 55)
3(27 24 19)
3(55 47 52)
3(27 19 17)
3(55 45 47)
3(27 26 24)
3(55 52 54)
3(26 27 25)
3(54 53 55)
3(25 27 20)
3(53 48 55)
4(8 36 32 4)
4(8 12 40 36)
4(16 44 38 10)
4(22 50 41 13)
4(16 13 41 44)
4(10 38 40 12)
4(6 0 28 34)
4(6 34 42 14)
4(14 42 49 21)
4(11 21 49 39)
4(22 25 53 50)
4(11 39 53 25)
)


// ************************************************************************* //
