/*--------------------------------*- C++ -*----------------------------------*\
| =========                 |                                                 |
| \\      /  F ield         | OpenFOAM: The Open Source CFD Toolbox           |
|  \\    /   O peration     | Version:  2412                                  |
|   \\  /    A nd           | Website:  www.openfoam.com                      |
|    \\/     M anipulation  |                                                 |
\*---------------------------------------------------------------------------*/
FoamFile
{
    version     2.0;
    format      ascii;
    arch        "LSB;label=32;scalar=64";
    class       faceList;
    location    "constant/polyMesh";
    object      faces;
}
// * * * * * * * * * * * * * * * * * * * * * * * * * * * * * * * * * * * * * //


147
(
4(1 4 38 35)
4(15 6 40 49)
4(15 49 39 5)
4(17 6 40 51)
4(17 7 41 51)
4(18 1 35 52)
4(18 52 36 2)
4(18 4 38 52)
4(5 18 52 39)
4(19 53 44 10)
4(19 11 45 53)
4(2 20 54 36)
4(21 13 47 55)
4(21 55 46 12)
4(22 13 47 56)
4(22 56 55 21)
4(14 22 56 48)
4(16 50 56 22)
4(23 57 42 8)
4(23 9 43 57)
4(8 24 58 42)
4(24 7 41 58)
4(25 9 43 59)
4(10 25 59 44)
4(19 53 59 25)
4(12 26 60 46)
4(21 55 60 26)
4(26 11 45 60)
4(26 60 53 19)
4(19 27 61 53)
4(26 60 61 27)
4(28 62 56 22)
4(19 29 63 53)
4(30 26 60 64)
4(30 64 61 27)
4(30 21 55 64)
4(31 21 55 65)
4(31 65 64 30)
4(22 31 65 56)
4(28 62 65 31)
4(30 64 66 32)
4(33 30 64 67)
4(31 65 67 33)
4(4 0 34 38)
4(6 5 39 40)
4(7 6 40 41)
4(5 4 38 39)
4(11 10 44 45)
4(13 12 46 47)
4(14 13 47 48)
4(9 8 42 43)
4(8 7 41 42)
4(10 9 43 44)
4(12 11 45 46)
4(1 35 34 0)
4(1 2 36 35)
4(2 3 37 36)
3(1 0 4)
3(35 38 34)
3(15 5 6)
3(49 40 39)
3(17 15 6)
3(51 40 49)
3(17 6 7)
3(51 41 40)
3(18 2 1)
3(52 35 36)
3(18 1 4)
3(52 38 35)
3(15 18 5)
3(49 39 52)
3(18 4 5)
3(52 39 38)
3(19 10 11)
3(53 45 44)
3(18 20 2)
3(52 36 54)
3(20 3 2)
3(54 36 37)
3(21 12 13)
3(55 47 46)
3(22 21 13)
3(56 47 55)
3(16 22 14)
3(50 48 56)
3(22 13 14)
3(56 48 47)
3(23 8 9)
3(57 43 42)
3(23 24 8)
3(57 42 58)
3(24 17 7)
3(58 41 51)
3(24 7 8)
3(58 42 41)
3(25 23 9)
3(59 43 57)
3(19 25 10)
3(53 44 59)
3(25 9 10)
3(59 44 43)
3(21 26 12)
3(55 46 60)
3(26 19 11)
3(60 45 53)
3(26 11 12)
3(60 46 45)
3(26 27 19)
3(60 53 61)
3(28 22 16)
3(62 50 56)
3(27 29 19)
3(61 53 63)
3(29 25 19)
3(63 53 59)
3(30 27 26)
3(64 60 61)
3(30 26 21)
3(64 55 60)
3(31 30 21)
3(65 55 64)
3(28 31 22)
3(62 56 65)
3(22 31 21)
3(56 55 65)
3(30 32 27)
3(64 61 66)
3(33 32 30)
3(67 64 66)
3(31 33 30)
3(65 64 67)
3(33 31 28)
3(67 62 65)
4(32 33 67 66)
4(28 62 67 33)
4(15 49 52 18)
4(18 52 54 20)
4(20 54 37 3)
4(17 51 49 15)
4(23 57 58 24)
4(24 58 51 17)
4(25 59 57 23)
4(27 61 63 29)
4(29 63 59 25)
4(27 32 66 61)
4(16 14 48 50)
4(16 50 62 28)
)


// ************************************************************************* //
