/*--------------------------------*- C++ -*----------------------------------*\
| =========                 |                                                 |
| \\      /  F ield         | OpenFOAM: The Open Source CFD Toolbox           |
|  \\    /   O peration     | Version:  2412                                  |
|   \\  /    A nd           | Website:  www.openfoam.com                      |
|    \\/     M anipulation  |                                                 |
\*---------------------------------------------------------------------------*/
FoamFile
{
    version     2.0;
    format      ascii;
    arch        "LSB;label=32;scalar=64";
    class       vectorField;
    location    "constant/polyMesh";
    object      points;
}
// * * * * * * * * * * * * * * * * * * * * * * * * * * * * * * * * * * * * * //


68
(
(0 0 0.9377383239)
(0 2 0.9377383239)
(0 4 0.9377383239)
(0 6 0.9377383239)
(2 0 0.9377383239)
(4 0 0.9377383239)
(6 0 0.9377383239)
(8 0 0.9377383239)
(10 0 0.9377383239)
(12 0 0.9377383239)
(14 0 0.9377383239)
(16 0 0.9377383239)
(18 0 0.9377383239)
(20 0 0.9377383239)
(22 0 0.9377383239)
(5 1.732050808 0.9377383239)
(23 1.732050808 0.9377383239)
(7 1.732050808 0.9377383239)
(1.732050808 3 0.9377383239)
(15 1.732050808 0.9377383239)
(1.732050808 5 0.9377383239)
(19 1.732050808 0.9377383239)
(21 1.732050808 0.9377383239)
(11 1.732050808 0.9377383239)
(9 1.732050808 0.9377383239)
(13 1.732050808 0.9377383239)
(17 1.732050808 0.9377383239)
(16 4.786254496 0.9377383239)
(22 3.750279031 0.9377383239)
(14 3.750279031 0.9377383239)
(18 3.750279031 0.9377383239)
(20 3.484391073 0.9377383239)
(17.79764382 6.393127248 0.9377383239)
(19.54692321 5.429470527 0.9377383239)
(0 0 -0.9377383239)
(0 2 -0.9377383239)
(0 4 -0.9377383239)
(0 6 -0.9377383239)
(2 0 -0.9377383239)
(4 0 -0.9377383239)
(6 0 -0.9377383239)
(8 0 -0.9377383239)
(10 0 -0.9377383239)
(12 0 -0.9377383239)
(14 0 -0.9377383239)
(16 0 -0.9377383239)
(18 0 -0.9377383239)
(20 0 -0.9377383239)
(22 0 -0.9377383239)
(5 1.732050808 -0.9377383239)
(23 1.732050808 -0.9377383239)
(7 1.732050808 -0.9377383239)
(1.732050808 3 -0.9377383239)
(15 1.732050808 -0.9377383239)
(1.732050808 5 -0.9377383239)
(19 1.732050808 -0.9377383239)
(21 1.732050808 -0.9377383239)
(11 1.732050808 -0.9377383239)
(9 1.732050808 -0.9377383239)
(13 1.732050808 -0.9377383239)
(17 1.732050808 -0.9377383239)
(16 4.786254496 -0.9377383239)
(22 3.750279031 -0.9377383239)
(14 3.750279031 -0.9377383239)
(18 3.750279031 -0.9377383239)
(20 3.484391073 -0.9377383239)
(17.79764382 6.393127248 -0.9377383239)
(19.54692321 5.429470527 -0.9377383239)
)


// ************************************************************************* //
