/*--------------------------------*- C++ -*----------------------------------*\
| =========                 |                                                 |
| \\      /  F ield         | OpenFOAM: The Open Source CFD Toolbox           |
|  \\    /   O peration     | Version:  2412                                  |
|   \\  /    A nd           | Website:  www.openfoam.com                      |
|    \\/     M anipulation  |                                                 |
\*---------------------------------------------------------------------------*/
FoamFile
{
    version     2.0;
    format      ascii;
    arch        "LSB;label=32;scalar=64";
    class       faceList;
    location    "constant/polyMesh";
    object      faces;
}
// * * * * * * * * * * * * * * * * * * * * * * * * * * * * * * * * * * * * * //


147
(
4(5 8 43 40)
4(7 42 43 8)
4(8 43 39 4)
4(9 44 35 0)
4(4 10 45 39)
4(8 43 45 10)
4(0 11 46 35)
4(9 44 46 11)
4(11 46 36 1)
4(1 13 48 36)
4(11 46 48 13)
4(13 2 37 48)
4(13 48 47 12)
4(17 11 46 52)
4(17 52 48 13)
4(19 8 43 54)
4(9 23 58 44)
4(18 53 58 23)
4(23 11 46 58)
4(23 58 52 17)
4(14 16 51 49)
4(24 14 49 59)
4(25 60 54 19)
4(25 8 43 60)
4(19 15 50 54)
4(13 26 61 48)
4(30 22 57 65)
4(16 30 65 51)
4(14 30 65 49)
4(30 65 63 28)
4(14 28 63 49)
4(31 66 58 23)
4(31 18 53 66)
4(28 63 66 31)
4(14 31 66 49)
4(31 17 52 66)
4(32 67 66 31)
4(14 32 67 49)
4(33 68 62 27)
4(33 20 55 68)
4(15 33 68 50)
4(33 68 54 19)
4(34 69 68 33)
4(5 4 39 40)
4(6 0 35 41)
4(4 3 38 39)
4(0 1 36 35)
4(1 2 37 36)
3(7 8 5)
3(42 40 43)
3(8 4 5)
3(43 40 39)
3(9 0 6)
3(44 41 35)
3(8 10 4)
3(43 39 45)
3(10 3 4)
3(45 39 38)
3(9 11 0)
3(44 35 46)
3(11 1 0)
3(46 35 36)
3(11 13 1)
3(46 36 48)
3(13 12 2)
3(48 37 47)
3(13 2 1)
3(48 36 37)
3(17 13 11)
3(52 46 48)
3(19 10 8)
3(54 43 45)
3(18 23 9)
3(53 44 58)
3(23 17 11)
3(58 46 52)
3(23 11 9)
3(58 44 46)
3(24 16 14)
3(59 49 51)
3(25 19 8)
3(60 43 54)
3(19 25 15)
3(54 50 60)
3(25 8 7)
3(60 42 43)
3(17 26 13)
3(52 48 61)
3(13 26 12)
3(48 47 61)
3(30 29 22)
3(65 57 64)
3(21 30 16)
3(56 51 65)
3(16 30 14)
3(51 49 65)
3(30 28 14)
3(65 49 63)
3(28 30 22)
3(63 57 65)
3(31 23 18)
3(66 53 58)
3(28 31 14)
3(63 49 66)
3(31 28 17)
3(66 52 63)
3(23 31 17)
3(58 52 66)
3(32 31 18)
3(67 53 66)
3(31 32 14)
3(66 49 67)
3(32 24 14)
3(67 49 59)
3(33 27 20)
3(68 55 62)
3(27 33 15)
3(62 50 68)
3(33 19 15)
3(68 50 54)
3(34 33 20)
3(69 55 68)
3(33 34 19)
3(68 54 69)
4(9 6 41 44)
4(9 44 53 18)
4(24 59 51 16)
4(16 51 56 21)
4(24 32 67 59)
4(32 18 53 67)
4(7 5 40 42)
4(25 60 50 15)
4(7 42 60 25)
4(10 45 38 3)
4(19 54 45 10)
4(22 29 64 57)
4(30 65 64 29)
4(21 56 65 30)
4(34 20 55 69)
4(19 34 69 54)
4(12 47 37 2)
4(17 52 61 26)
4(26 61 47 12)
4(15 50 62 27)
4(28 22 57 63)
4(28 63 52 17)
4(27 62 55 20)
)


// ************************************************************************* //
