/*--------------------------------*- C++ -*----------------------------------*\
| =========                 |                                                 |
| \\      /  F ield         | OpenFOAM: The Open Source CFD Toolbox           |
|  \\    /   O peration     | Version:  2412                                  |
|   \\  /    A nd           | Website:  www.openfoam.com                      |
|    \\/     M anipulation  |                                                 |
\*---------------------------------------------------------------------------*/
FoamFile
{
    version     2.0;
    format      ascii;
    arch        "LSB;label=32;scalar=64";
    class       vectorField;
    location    "constant/polyMesh";
    object      points;
}
// * * * * * * * * * * * * * * * * * * * * * * * * * * * * * * * * * * * * * //


70
(
(32 16 0.9377383239)
(33.9429245 16.11834526 0.9377383239)
(35.84160614 16.46798134 0.9377383239)
(43.97992325 2.327089787 0.9377383239)
(45.54706573 3.009015799 0.9377383239)
(47.00907898 3.738230705 0.9377383239)
(30 16 0.9377383239)
(47.02647702 5.282911388 0.9377383239)
(45.64655372 4.639763862 0.9377383239)
(31 14.26794919 0.9377383239)
(44.17292924 4.025237997 0.9377383239)
(33.07395225 14.37655066 0.9377383239)
(37.25512024 15.16534061 0.9377383239)
(35.19505905 14.64885677 0.9377383239)
(32.93273334 7.907378535 0.9377383239)
(44.98360282 7.86411726 0.9377383239)
(33.29091299 4.662804944 0.9377383239)
(34.57163369 11.10772956 0.9377383239)
(30 10.49016049 0.9377383239)
(44.2045241 6.023602412 0.9377383239)
(41.85378751 8.22127786 0.9377383239)
(34.947967 3.515145724 0.9377383239)
(35.80729881 8.455129127 0.9377383239)
(32.1596205 11.98012149 0.9377383239)
(31.05823179 6.058388714 0.9377383239)
(45.7859766 6.142561609 0.9377383239)
(36.65729927 12.56598379 0.9377383239)
(43.52812597 9.001644886 0.9377383239)
(34.15676841 9.30036605 0.9377383239)
(37.08110041 6.948232839 0.9377383239)
(34.69796579 6.460191486 0.9377383239)
(32.03739626 9.847170172 0.9377383239)
(30.02102654 8.152951499 0.9377383239)
(43.46548307 7.421581041 0.9377383239)
(42.03250141 6.557514335 0.9377383239)
(32 16 -0.9377383239)
(33.9429245 16.11834526 -0.9377383239)
(35.84160614 16.46798134 -0.9377383239)
(43.97992325 2.327089787 -0.9377383239)
(45.54706573 3.009015799 -0.9377383239)
(47.00907898 3.738230705 -0.9377383239)
(30 16 -0.9377383239)
(47.02647702 5.282911388 -0.9377383239)
(45.64655372 4.639763862 -0.9377383239)
(31 14.26794919 -0.9377383239)
(44.17292924 4.025237997 -0.9377383239)
(33.07395225 14.37655066 -0.9377383239)
(37.25512024 15.16534061 -0.9377383239)
(35.19505905 14.64885677 -0.9377383239)
(32.93273334 7.907378535 -0.9377383239)
(44.98360282 7.86411726 -0.9377383239)
(33.29091299 4.662804944 -0.9377383239)
(34.57163369 11.10772956 -0.9377383239)
(30 10.49016049 -0.9377383239)
(44.2045241 6.023602412 -0.9377383239)
(41.85378751 8.22127786 -0.9377383239)
(34.947967 3.515145724 -0.9377383239)
(35.80729881 8.455129127 -0.9377383239)
(32.1596205 11.98012149 -0.9377383239)
(31.05823179 6.058388714 -0.9377383239)
(45.7859766 6.142561609 -0.9377383239)
(36.65729927 12.56598379 -0.9377383239)
(43.52812597 9.001644886 -0.9377383239)
(34.15676841 9.30036605 -0.9377383239)
(37.08110041 6.948232839 -0.9377383239)
(34.69796579 6.460191486 -0.9377383239)
(32.03739626 9.847170172 -0.9377383239)
(30.02102654 8.152951499 -0.9377383239)
(43.46548307 7.421581041 -0.9377383239)
(42.03250141 6.557514335 -0.9377383239)
)


// ************************************************************************* //
