/*--------------------------------*- C++ -*----------------------------------*\
| =========                 |                                                 |
| \\      /  F ield         | OpenFOAM: The Open Source CFD Toolbox           |
|  \\    /   O peration     | Version:  2412                                  |
|   \\  /    A nd           | Website:  www.openfoam.com                      |
|    \\/     M anipulation  |                                                 |
\*---------------------------------------------------------------------------*/
FoamFile
{
    version     2.0;
    format      ascii;
    arch        "LSB;label=32;scalar=64";
    class       labelList;
    location    "constant/polyMesh";
    object      faceProcAddressing;
}
// * * * * * * * * * * * * * * * * * * * * * * * * * * * * * * * * * * * * * //


562
(
2
6
9
10
19
20
21
22
35
36
43
44
45
46
55
56
57
58
69
70
71
72
73
74
75
76
110
111
112
113
114
115
116
117
118
119
120
121
122
123
124
162
163
164
177
178
179
180
181
182
183
184
185
186
187
188
220
225
227
279
280
281
282
283
284
288
289
290
324
325
326
327
338
339
340
341
342
343
344
345
346
347
386
387
388
389
390
391
392
397
398
399
400
412
413
414
415
416
417
418
419
451
452
455
456
524
525
526
527
528
529
530
532
533
534
535
536
538
539
540
541
542
543
545
675
676
677
684
685
686
687
688
699
700
701
705
706
707
708
709
710
711
712
713
714
715
716
717
724
725
726
727
996
997
998
999
1000
1001
1002
1003
1004
1009
1010
1011
1012
1013
1014
1015
1016
1017
1018
1020
1021
1022
1023
1024
1025
1026
1027
1028
1044
1045
1046
1047
1048
1049
1050
1216
1217
1218
1219
1220
1221
1222
1223
1224
1225
1230
1286
1287
1288
1289
1290
1302
1305
1307
1311
1312
1318
1321
1322
1324
1328
1329
1330
1339
1340
1341
1342
1352
1357
1358
1359
1360
1379
1380
1385
1389
1390
1397
1398
1399
1409
1410
1411
1412
1457
1458
1465
1466
1469
1470
1479
1480
1481
1482
1495
1496
1505
1506
1507
1508
1521
1522
1523
1524
1525
1526
1539
1540
1541
1542
1543
1544
1545
1546
1547
1548
1591
1592
1593
1594
1595
1596
1597
1598
1599
1600
1601
1602
1603
1604
1605
1606
1607
1608
1609
1610
1611
1612
1663
1664
1665
1666
1683
1684
1685
1686
1687
1688
1689
1690
1691
1692
1693
1694
1695
1696
1697
1698
1739
1740
1745
1746
1749
1750
1823
1824
1825
1826
1827
1828
1829
1830
1835
1836
1837
1838
1885
1886
1887
1888
1889
1890
1905
1906
1907
1908
1909
1910
1911
1912
1913
1914
1915
1916
1917
1918
1919
1920
1921
1922
1977
1978
1979
1980
1981
1982
1983
1984
1985
1986
1987
1988
1995
1996
1997
1998
1999
2000
2017
2018
2019
2020
2021
2022
2023
2024
2025
2026
2027
2028
2029
2030
2075
2076
2079
2080
2161
2162
2163
2164
2165
2166
2167
2168
2169
2170
2171
2172
2173
2174
2175
2176
2177
2178
2179
2180
2181
2182
2183
2184
2185
2186
2187
2188
2359
2360
2361
2362
2363
2364
2375
2376
2377
2378
2379
2380
2381
2382
2383
2384
2395
2396
2397
2398
2403
2404
2405
2406
2407
2408
2409
2410
2411
2412
2413
2414
2415
2416
2417
2418
2427
2428
2429
2430
2785
2786
2787
2788
2789
2790
2791
2792
2793
2794
2795
2796
2797
2798
2805
2806
2807
2808
2809
2810
2811
2812
2813
2814
2815
2816
2817
2818
2819
2820
2821
2822
2823
2824
2825
2826
2827
2828
2829
2830
2831
2832
2855
2856
2857
2858
2859
2860
2861
2862
2863
2864
3131
3132
3133
3134
3135
3136
3137
3138
3139
3140
3141
3142
3143
3144
3145
3146
3147
3148
3153
3154
3155
3156
3159
3160
3263
3264
3265
3266
3267
3268
3269
3270
3271
3272
219
226
537
544
-1042
1226
-1228
1229
1232
-130
224
531
-672
-692
-695
-697
-994
1019
-1213
-1215
)


// ************************************************************************* //
