/*--------------------------------*- C++ -*----------------------------------*\
| =========                 |                                                 |
| \\      /  F ield         | OpenFOAM: The Open Source CFD Toolbox           |
|  \\    /   O peration     | Version:  2412                                  |
|   \\  /    A nd           | Website:  www.openfoam.com                      |
|    \\/     M anipulation  |                                                 |
\*---------------------------------------------------------------------------*/
FoamFile
{
    version     2.0;
    format      ascii;
    arch        "LSB;label=32;scalar=64";
    class       faceList;
    location    "constant/polyMesh";
    object      faces;
}
// * * * * * * * * * * * * * * * * * * * * * * * * * * * * * * * * * * * * * //


562
(
4(12 116 118 14)
4(10 34 138 114)
4(35 139 107 3)
4(35 4 108 139)
4(36 15 119 140)
4(36 140 120 16)
4(37 20 124 141)
4(37 141 125 21)
4(38 142 111 7)
4(38 8 112 142)
4(39 23 127 143)
4(39 143 112 8)
4(40 30 134 144)
4(40 144 135 31)
4(41 145 138 34)
4(41 33 137 145)
4(10 41 145 114)
4(41 145 115 11)
4(3 42 146 107)
4(35 139 146 42)
4(42 146 106 2)
4(43 147 105 1)
4(43 0 104 147)
4(44 4 108 148)
4(44 148 139 35)
4(44 5 109 148)
4(12 116 149 45)
4(14 45 149 118)
4(11 45 149 115)
4(41 145 149 45)
4(45 15 119 149)
4(45 149 140 36)
4(16 46 150 120)
4(36 140 150 46)
4(46 150 121 17)
4(47 20 124 151)
4(47 151 141 37)
4(47 19 123 151)
4(21 48 152 125)
4(37 141 152 48)
4(48 152 126 22)
4(7 50 154 111)
4(38 142 154 50)
4(50 154 110 6)
4(51 155 131 27)
4(51 26 130 155)
4(22 52 156 126)
4(48 152 156 52)
4(52 23 127 156)
4(52 156 143 39)
4(53 30 134 157)
4(53 157 144 40)
4(53 29 133 157)
4(31 54 158 135)
4(40 144 158 54)
4(54 158 136 32)
4(42 146 159 55)
4(43 147 160 56)
4(57 161 147 43)
4(58 162 158 54)
4(58 40 144 162)
4(46 58 162 150)
4(54 46 150 158)
4(17 58 162 121)
4(58 162 122 18)
4(24 59 163 128)
4(49 153 163 59)
4(59 163 129 25)
4(60 5 109 164)
4(60 164 148 44)
4(6 60 164 110)
4(50 154 164 60)
4(27 61 165 131)
4(51 155 165 61)
4(61 165 132 28)
4(62 46 150 166)
4(62 166 158 54)
4(62 36 140 166)
4(32 62 166 136)
4(62 166 137 33)
4(62 166 145 41)
4(62 166 149 45)
4(63 167 162 58)
4(63 40 144 167)
4(63 19 123 167)
4(63 167 151 47)
4(18 63 167 122)
4(63 167 157 53)
4(47 53 157 151)
4(64 26 130 168)
4(64 168 155 51)
4(25 64 168 129)
4(59 163 168 64)
4(65 48 152 169)
4(65 169 165 61)
4(48 61 165 152)
4(65 37 141 169)
4(65 29 133 169)
4(65 169 157 53)
4(28 65 169 132)
4(47 65 169 151)
4(67 59 163 171)
4(67 171 168 64)
4(43 70 174 147)
4(57 161 174 70)
4(39 71 175 143)
4(67 171 175 71)
4(67 39 143 171)
4(8 71 175 112)
4(72 67 171 176)
4(72 176 175 71)
4(72 59 163 176)
4(64 168 177 73)
4(51 73 177 155)
4(73 177 171 67)
4(73 39 143 177)
4(52 156 177 73)
4(76 42 146 180)
4(44 148 181 77)
4(35 77 181 139)
4(43 79 183 147)
4(70 174 183 79)
4(79 183 160 56)
4(80 184 174 70)
4(71 82 186 175)
4(8 82 186 112)
4(82 186 142 38)
4(83 187 165 61)
4(83 51 155 187)
4(48 83 187 152)
4(83 187 156 52)
4(83 187 177 73)
4(79 183 189 85)
4(86 38 142 190)
4(86 190 154 50)
4(87 44 148 191)
4(87 191 181 77)
4(60 164 191 87)
4(88 192 180 76)
4(88 42 146 192)
4(88 69 173 192)
4(88 192 181 77)
4(69 77 181 173)
4(76 69 173 180)
4(35 88 192 139)
4(78 66 170 182)
4(66 89 193 170)
4(78 182 193 89)
4(90 194 182 78)
4(90 66 170 194)
4(78 69 173 182)
4(69 90 194 173)
4(91 38 142 195)
4(91 195 190 86)
4(92 196 191 87)
4(92 60 164 196)
4(75 92 196 179)
4(87 75 179 191)
4(92 196 190 86)
4(75 86 190 179)
4(50 92 196 154)
4(93 69 173 197)
4(93 197 182 78)
4(77 181 197 93)
4(93 197 191 87)
4(93 75 179 197)
4(84 188 198 94)
4(68 94 198 172)
4(74 94 198 178)
4(89 74 178 193)
4(89 193 198 94)
4(95 74 178 199)
4(95 199 193 89)
4(95 199 189 85)
4(95 79 183 199)
4(89 193 200 96)
4(66 96 200 170)
4(95 199 200 96)
4(96 79 183 200)
4(96 70 174 200)
4(97 201 194 90)
4(97 66 170 201)
4(90 81 185 194)
4(98 202 194 90)
4(98 81 185 202)
4(69 98 202 173)
4(98 202 180 76)
4(86 99 203 190)
4(75 99 203 179)
4(100 204 197 93)
4(100 75 179 204)
4(78 100 204 182)
4(100 204 203 99)
4(100 68 172 204)
4(101 205 200 96)
4(101 70 174 205)
4(101 66 170 205)
4(102 206 202 98)
4(94 198 207 103)
4(68 103 207 172)
4(103 89 193 207)
4(103 78 182 207)
4(103 207 204 100)
4(13 14 118 117)
4(9 113 138 34)
4(4 3 107 108)
4(15 16 120 119)
4(20 21 125 124)
4(8 7 111 112)
4(23 8 112 127)
4(30 31 135 134)
4(33 34 138 137)
4(3 2 106 107)
4(0 1 105 104)
4(5 4 108 109)
4(14 15 119 118)
4(16 17 121 120)
4(19 20 124 123)
4(21 22 126 125)
4(7 6 110 111)
4(26 27 131 130)
4(22 23 127 126)
4(29 30 134 133)
4(31 32 136 135)
4(17 18 122 121)
4(24 25 129 128)
4(6 5 109 110)
4(27 28 132 131)
4(32 33 137 136)
4(18 19 123 122)
4(25 26 130 129)
4(28 29 133 132)
4(12 13 117 116)
4(9 10 114 113)
4(10 11 115 114)
4(11 12 116 115)
3(12 14 13)
3(116 117 118)
3(9 34 10)
3(113 114 138)
3(35 3 4)
3(139 108 107)
3(36 16 15)
3(140 119 120)
3(37 21 20)
3(141 124 125)
3(38 7 8)
3(142 112 111)
3(39 8 23)
3(143 127 112)
3(40 31 30)
3(144 134 135)
3(41 34 33)
3(145 137 138)
3(34 41 10)
3(138 114 145)
3(41 11 10)
3(145 114 115)
3(35 42 3)
3(139 107 146)
3(42 2 3)
3(146 107 106)
3(43 1 0)
3(147 104 105)
3(44 35 4)
3(148 108 139)
3(44 4 5)
3(148 109 108)
3(12 45 14)
3(116 118 149)
3(41 45 11)
3(145 115 149)
3(45 12 11)
3(149 115 116)
3(45 36 15)
3(149 119 140)
3(45 15 14)
3(149 118 119)
3(36 46 16)
3(140 120 150)
3(46 17 16)
3(150 120 121)
3(47 37 20)
3(151 124 141)
3(47 20 19)
3(151 123 124)
3(37 48 21)
3(141 125 152)
3(48 22 21)
3(152 125 126)
3(38 50 7)
3(142 111 154)
3(50 6 7)
3(154 111 110)
3(51 27 26)
3(155 130 131)
3(48 52 22)
3(152 126 156)
3(52 39 23)
3(156 127 143)
3(52 23 22)
3(156 126 127)
3(53 40 30)
3(157 134 144)
3(53 30 29)
3(157 133 134)
3(40 54 31)
3(144 135 158)
3(54 32 31)
3(158 135 136)
3(42 55 2)
3(146 106 159)
3(43 56 1)
3(147 105 160)
3(57 43 0)
3(161 104 147)
3(58 54 40)
3(162 144 158)
3(54 58 46)
3(158 150 162)
3(46 58 17)
3(150 121 162)
3(58 18 17)
3(162 121 122)
3(49 59 24)
3(153 128 163)
3(59 25 24)
3(163 128 129)
3(60 44 5)
3(164 109 148)
3(50 60 6)
3(154 110 164)
3(60 5 6)
3(164 110 109)
3(51 61 27)
3(155 131 165)
3(61 28 27)
3(165 131 132)
3(62 54 46)
3(166 150 158)
3(62 46 36)
3(166 140 150)
3(54 62 32)
3(158 136 166)
3(62 33 32)
3(166 136 137)
3(62 41 33)
3(166 137 145)
3(62 45 41)
3(166 145 149)
3(45 62 36)
3(149 140 166)
3(63 58 40)
3(167 144 162)
3(63 47 19)
3(167 123 151)
3(58 63 18)
3(162 122 167)
3(63 19 18)
3(167 122 123)
3(63 53 47)
3(167 151 157)
3(53 63 40)
3(157 144 167)
3(64 51 26)
3(168 130 155)
3(59 64 25)
3(163 129 168)
3(64 26 25)
3(168 129 130)
3(65 61 48)
3(169 152 165)
3(65 48 37)
3(169 141 152)
3(65 53 29)
3(169 133 157)
3(61 65 28)
3(165 132 169)
3(65 29 28)
3(169 132 133)
3(53 65 47)
3(157 151 169)
3(47 65 37)
3(151 141 169)
3(67 64 59)
3(171 163 168)
3(57 70 43)
3(161 147 174)
3(67 71 39)
3(171 143 175)
3(39 71 8)
3(143 112 175)
3(72 71 67)
3(176 171 175)
3(72 67 59)
3(176 163 171)
3(72 59 49)
3(176 153 163)
3(64 73 51)
3(168 155 177)
3(73 67 39)
3(177 143 171)
3(67 73 64)
3(171 168 177)
3(52 73 39)
3(156 143 177)
3(76 55 42)
3(180 146 159)
3(44 77 35)
3(148 139 181)
3(70 79 43)
3(174 147 183)
3(79 56 43)
3(183 147 160)
3(80 70 57)
3(184 161 174)
3(72 82 71)
3(176 175 186)
3(71 82 8)
3(175 112 186)
3(82 38 8)
3(186 112 142)
3(83 61 51)
3(187 155 165)
3(61 83 48)
3(165 152 187)
3(83 52 48)
3(187 152 156)
3(83 73 52)
3(187 156 177)
3(73 83 51)
3(177 155 187)
3(79 85 56)
3(183 160 189)
3(86 50 38)
3(190 142 154)
3(87 77 44)
3(191 148 181)
3(60 87 44)
3(164 148 191)
3(88 76 42)
3(192 146 180)
3(88 77 69)
3(192 173 181)
3(76 88 69)
3(180 173 192)
3(77 88 35)
3(181 139 192)
3(88 42 35)
3(192 139 146)
3(78 89 66)
3(182 170 193)
3(90 78 66)
3(194 170 182)
3(78 90 69)
3(182 173 194)
3(91 86 38)
3(195 142 190)
3(82 91 38)
3(186 142 195)
3(92 87 60)
3(196 164 191)
3(87 92 75)
3(191 179 196)
3(92 86 75)
3(196 179 190)
3(86 92 50)
3(190 154 196)
3(92 60 50)
3(196 154 164)
3(93 78 69)
3(197 173 182)
3(77 93 69)
3(181 173 197)
3(93 87 75)
3(197 179 191)
3(87 93 77)
3(191 181 197)
3(84 94 68)
3(188 172 198)
3(89 94 74)
3(193 178 198)
3(94 84 74)
3(198 178 188)
3(95 89 74)
3(199 178 193)
3(95 85 79)
3(199 183 189)
3(85 95 74)
3(189 178 199)
3(89 96 66)
3(193 170 200)
3(95 96 89)
3(199 193 200)
3(96 95 79)
3(200 183 199)
3(96 79 70)
3(200 174 183)
3(97 90 66)
3(201 170 194)
3(90 97 81)
3(194 185 201)
3(98 90 81)
3(202 185 194)
3(90 98 69)
3(194 173 202)
3(98 76 69)
3(202 173 180)
3(91 99 86)
3(195 190 203)
3(86 99 75)
3(190 179 203)
3(100 93 75)
3(204 179 197)
3(93 100 78)
3(197 182 204)
3(100 99 68)
3(204 172 203)
3(99 100 75)
3(203 179 204)
3(101 96 70)
3(205 174 200)
3(101 97 66)
3(205 170 201)
3(96 101 66)
3(200 170 205)
3(80 101 70)
3(184 174 205)
3(102 98 81)
3(206 185 202)
3(98 102 76)
3(202 180 206)
3(94 103 68)
3(198 172 207)
3(103 94 89)
3(207 193 198)
3(103 89 78)
3(207 182 193)
3(103 100 68)
3(207 172 204)
3(100 103 78)
3(204 182 207)
4(2 55 159 106)
4(57 0 104 161)
4(76 180 159 55)
4(80 57 161 184)
4(97 201 185 81)
4(101 205 201 97)
4(80 184 205 101)
4(102 81 185 206)
4(76 102 206 180)
4(49 24 128 153)
4(1 56 160 105)
4(72 49 153 176)
4(82 72 176 186)
4(68 172 188 84)
4(56 85 189 160)
4(74 178 189 85)
4(91 82 186 195)
4(74 84 188 178)
4(99 91 195 203)
4(99 203 172 68)
)


// ************************************************************************* //
