/*--------------------------------*- C++ -*----------------------------------*\
| =========                 |                                                 |
| \\      /  F ield         | OpenFOAM: The Open Source CFD Toolbox           |
|  \\    /   O peration     | Version:  2412                                  |
|   \\  /    A nd           | Website:  www.openfoam.com                      |
|    \\/     M anipulation  |                                                 |
\*---------------------------------------------------------------------------*/
FoamFile
{
    version     2.0;
    format      ascii;
    arch        "LSB;label=32;scalar=64";
    class       labelList;
    location    "constant/polyMesh";
    object      pointProcAddressing;
}
// * * * * * * * * * * * * * * * * * * * * * * * * * * * * * * * * * * * * * //


208
(
4
5
22
23
24
25
26
27
28
38
39
40
41
42
97
98
99
100
101
102
103
104
105
106
110
111
112
113
114
115
116
117
118
119
120
155
160
161
168
171
172
175
180
181
182
195
196
197
198
200
211
216
217
218
219
230
231
232
248
250
261
265
266
278
280
284
291
305
308
309
310
345
346
347
350
351
352
353
354
355
356
358
405
407
410
411
412
414
415
416
419
480
481
483
484
485
486
489
490
521
522
523
524
534
541
542
559
560
561
562
563
564
565
575
576
577
578
579
634
635
636
637
638
639
640
641
642
643
647
648
649
650
651
652
653
654
655
656
657
692
697
698
705
708
709
712
717
718
719
732
733
734
735
737
748
753
754
755
756
767
768
769
785
787
798
802
803
815
817
821
828
842
845
846
847
882
883
884
887
888
889
890
891
892
893
895
942
944
947
948
949
951
952
953
956
1017
1018
1020
1021
1022
1023
1026
1027
1058
1059
1060
1061
1071
)


// ************************************************************************* //
