/*--------------------------------*- C++ -*----------------------------------*\
| =========                 |                                                 |
| \\      /  F ield         | OpenFOAM: The Open Source CFD Toolbox           |
|  \\    /   O peration     | Version:  2412                                  |
|   \\  /    A nd           | Website:  www.openfoam.com                      |
|    \\/     M anipulation  |                                                 |
\*---------------------------------------------------------------------------*/
FoamFile
{
    version     2.0;
    format      ascii;
    arch        "LSB;label=32;scalar=64";
    class       vectorField;
    location    "constant/polyMesh";
    object      points;
}
// * * * * * * * * * * * * * * * * * * * * * * * * * * * * * * * * * * * * * //


208
(
(39.42799377 17.82870483 0.9377383239)
(41.07658768 18.82359314 0.9377383239)
(45.54706573 3.009015799 0.9377383239)
(47.00907898 3.738230705 0.9377383239)
(48.35551071 4.495503902 0.9377383239)
(49.58089828 5.262159348 0.9377383239)
(50.68429565 6.021217346 0.9377383239)
(51.66851807 6.758178711 0.9377383239)
(52.53923798 7.461465836 0.9377383239)
(56.53923798 -4.538534164 0.9377383239)
(55.53923798 -4.538534164 0.9377383239)
(54.53923798 -4.538534164 0.9377383239)
(53.53923798 -4.538534164 0.9377383239)
(52.53923798 -4.538534164 0.9377383239)
(52.53923416 -3.447624683 0.9377383239)
(52.53923798 -2.356715918 0.9377383239)
(52.53924561 -1.265806913 0.9377383239)
(52.53923798 -0.1748975515 0.9377383239)
(52.53923416 0.9160116315 0.9377383239)
(52.53924179 2.006920815 0.9377383239)
(52.53923798 3.097829342 0.9377383239)
(52.53923798 4.188738823 0.9377383239)
(52.53923798 5.279647827 0.9377383239)
(52.53923798 6.370557308 0.9377383239)
(56.5386467 8.816184998 0.9377383239)
(56.5387001 7.777984142 0.9377383239)
(56.53874588 6.668267727 0.9377383239)
(56.53879929 5.495107174 0.9377383239)
(56.53885269 4.269240379 0.9377383239)
(56.53890991 3.003792286 0.9377383239)
(56.53896713 1.713783503 0.9377383239)
(56.53901672 0.4154653549 0.9377383239)
(56.53907776 -0.8744912148 0.9377383239)
(56.53913116 -2.139840126 0.9377383239)
(56.53918457 -3.365558624 0.9377383239)
(47.02647702 5.282911388 0.9377383239)
(53.4839967 -1.811268023 0.9377383239)
(53.4839933 3.643284082 0.9377383239)
(51.49481351 7.863887835 0.9377383239)
(53.48399247 6.916011572 0.9377383239)
(55.41461543 1.064581482 0.9377383239)
(55.03923798 -3.672508761 0.9377383239)
(45.64655372 4.639763862 0.9377383239)
(41.11388927 16.89842479 0.9377383239)
(48.30426141 5.940048393 0.9377383239)
(53.48399077 -2.902173604 0.9377383239)
(53.48399701 -0.7203456252 0.9377383239)
(53.48399438 2.552378382 0.9377383239)
(53.48399289 4.734193325 0.9377383239)
(55.70609875 9.296817134 0.9377383239)
(50.5381796 7.24205964 0.9377383239)
(55.52278574 6.0816412 0.9377383239)
(53.4839933 5.825102568 0.9377383239)
(55.42175814 2.35873834 0.9377383239)
(55.42191208 -0.2295657879 0.9377383239)
(44.17292924 4.025237997 0.9377383239)
(42.87347294 18.09882785 0.9377383239)
(39.23458398 15.91789977 0.9377383239)
(53.48399113 0.3705603436 0.9377383239)
(55.63956509 8.297038319 0.9377383239)
(49.47523346 6.597258499 0.9377383239)
(55.4771942 4.882127526 0.9377383239)
(55.44328016 -1.507211921 0.9377383239)
(53.48399304 1.461459616 0.9377383239)
(55.57768039 7.223086291 0.9377383239)
(55.44297111 3.636466778 0.9377383239)
(43.59299791 10.84776883 0.9377383239)
(54.41951127 7.828582877 0.9377383239)
(48.48616283 11.44569372 0.9377383239)
(44.98360282 7.86411726 0.9377383239)
(41.64776024 13.58396027 0.9377383239)
(53.42773925 7.909486656 0.9377383239)
(54.72340454 8.860110587 0.9377383239)
(54.58105163 6.727173113 0.9377383239)
(46.56112878 15.51574869 0.9377383239)
(48.75912772 8.976276206 0.9377383239)
(44.2045241 6.023602412 0.9377383239)
(46.83343928 7.229144197 0.9377383239)
(46.15225087 10.22468347 0.9377383239)
(43.32057185 15.55363354 0.9377383239)
(39.08037555 13.3439347 0.9377383239)
(41.85378751 8.22127786 0.9377383239)
(52.44062571 8.762065463 0.9377383239)
(54.54051268 5.658342595 0.9377383239)
(49.09108933 14.22208273 0.9377383239)
(45.03417172 17.25965948 0.9377383239)
(50.25238176 8.728504419 0.9377383239)
(48.26599299 7.380016483 0.9377383239)
(45.7859766 6.142561609 0.9377383239)
(45.45777862 12.93968129 0.9377383239)
(43.52812597 9.001644886 0.9377383239)
(51.32697536 10.0185718 0.9377383239)
(49.4683886 7.807069049 0.9377383239)
(47.42224041 8.514980396 0.9377383239)
(47.43390849 13.12905744 0.9377383239)
(44.93097092 14.68963774 0.9377383239)
(43.47913575 12.82637952 0.9377383239)
(42.05421565 9.977639164 0.9377383239)
(43.46548307 7.421581041 0.9377383239)
(49.73763405 10.24986466 0.9377383239)
(47.65331878 10.01316226 0.9377383239)
(42.06600987 11.75247752 0.9377383239)
(42.03250141 6.557514335 0.9377383239)
(47.07066231 11.31027148 0.9377383239)
(39.42799377 17.82870483 -0.9377383239)
(41.07658768 18.82359314 -0.9377383239)
(45.54706573 3.009015799 -0.9377383239)
(47.00907898 3.738230705 -0.9377383239)
(48.35551071 4.495503902 -0.9377383239)
(49.58089828 5.262159348 -0.9377383239)
(50.68429565 6.021217346 -0.9377383239)
(51.66851807 6.758178711 -0.9377383239)
(52.53923798 7.461465836 -0.9377383239)
(56.53923798 -4.538534164 -0.9377383239)
(55.53923798 -4.538534164 -0.9377383239)
(54.53923798 -4.538534164 -0.9377383239)
(53.53923798 -4.538534164 -0.9377383239)
(52.53923798 -4.538534164 -0.9377383239)
(52.53923416 -3.447624683 -0.9377383239)
(52.53923798 -2.356715918 -0.9377383239)
(52.53924561 -1.265806913 -0.9377383239)
(52.53923798 -0.1748975515 -0.9377383239)
(52.53923416 0.9160116315 -0.9377383239)
(52.53924179 2.006920815 -0.9377383239)
(52.53923798 3.097829342 -0.9377383239)
(52.53923798 4.188738823 -0.9377383239)
(52.53923798 5.279647827 -0.9377383239)
(52.53923798 6.370557308 -0.9377383239)
(56.5386467 8.816184998 -0.9377383239)
(56.5387001 7.777984142 -0.9377383239)
(56.53874588 6.668267727 -0.9377383239)
(56.53879929 5.495107174 -0.9377383239)
(56.53885269 4.269240379 -0.9377383239)
(56.53890991 3.003792286 -0.9377383239)
(56.53896713 1.713783503 -0.9377383239)
(56.53901672 0.4154653549 -0.9377383239)
(56.53907776 -0.8744912148 -0.9377383239)
(56.53913116 -2.139840126 -0.9377383239)
(56.53918457 -3.365558624 -0.9377383239)
(47.02647702 5.282911388 -0.9377383239)
(53.4839967 -1.811268023 -0.9377383239)
(53.4839933 3.643284082 -0.9377383239)
(51.49481351 7.863887835 -0.9377383239)
(53.48399247 6.916011572 -0.9377383239)
(55.41461543 1.064581482 -0.9377383239)
(55.03923798 -3.672508761 -0.9377383239)
(45.64655372 4.639763862 -0.9377383239)
(41.11388927 16.89842479 -0.9377383239)
(48.30426141 5.940048393 -0.9377383239)
(53.48399077 -2.902173604 -0.9377383239)
(53.48399701 -0.7203456252 -0.9377383239)
(53.48399438 2.552378382 -0.9377383239)
(53.48399289 4.734193325 -0.9377383239)
(55.70609875 9.296817134 -0.9377383239)
(50.5381796 7.24205964 -0.9377383239)
(55.52278574 6.0816412 -0.9377383239)
(53.4839933 5.825102568 -0.9377383239)
(55.42175814 2.35873834 -0.9377383239)
(55.42191208 -0.2295657879 -0.9377383239)
(44.17292924 4.025237997 -0.9377383239)
(42.87347294 18.09882785 -0.9377383239)
(39.23458398 15.91789977 -0.9377383239)
(53.48399113 0.3705603436 -0.9377383239)
(55.63956509 8.297038319 -0.9377383239)
(49.47523346 6.597258499 -0.9377383239)
(55.4771942 4.882127526 -0.9377383239)
(55.44328016 -1.507211921 -0.9377383239)
(53.48399304 1.461459616 -0.9377383239)
(55.57768039 7.223086291 -0.9377383239)
(55.44297111 3.636466778 -0.9377383239)
(43.59299791 10.84776883 -0.9377383239)
(54.41951127 7.828582877 -0.9377383239)
(48.48616283 11.44569372 -0.9377383239)
(44.98360282 7.86411726 -0.9377383239)
(41.64776024 13.58396027 -0.9377383239)
(53.42773925 7.909486656 -0.9377383239)
(54.72340454 8.860110587 -0.9377383239)
(54.58105163 6.727173113 -0.9377383239)
(46.56112878 15.51574869 -0.9377383239)
(48.75912772 8.976276206 -0.9377383239)
(44.2045241 6.023602412 -0.9377383239)
(46.83343928 7.229144197 -0.9377383239)
(46.15225087 10.22468347 -0.9377383239)
(43.32057185 15.55363354 -0.9377383239)
(39.08037555 13.3439347 -0.9377383239)
(41.85378751 8.22127786 -0.9377383239)
(52.44062571 8.762065463 -0.9377383239)
(54.54051268 5.658342595 -0.9377383239)
(49.09108933 14.22208273 -0.9377383239)
(45.03417172 17.25965948 -0.9377383239)
(50.25238176 8.728504419 -0.9377383239)
(48.26599299 7.380016483 -0.9377383239)
(45.7859766 6.142561609 -0.9377383239)
(45.45777862 12.93968129 -0.9377383239)
(43.52812597 9.001644886 -0.9377383239)
(51.32697536 10.0185718 -0.9377383239)
(49.4683886 7.807069049 -0.9377383239)
(47.42224041 8.514980396 -0.9377383239)
(47.43390849 13.12905744 -0.9377383239)
(44.93097092 14.68963774 -0.9377383239)
(43.47913575 12.82637952 -0.9377383239)
(42.05421565 9.977639164 -0.9377383239)
(43.46548307 7.421581041 -0.9377383239)
(49.73763405 10.24986466 -0.9377383239)
(47.65331878 10.01316226 -0.9377383239)
(42.06600987 11.75247752 -0.9377383239)
(42.03250141 6.557514335 -0.9377383239)
(47.07066231 11.31027148 -0.9377383239)
)


// ************************************************************************* //
