/*--------------------------------*- C++ -*----------------------------------*\
| =========                 |                                                 |
| \\      /  F ield         | OpenFOAM: The Open Source CFD Toolbox           |
|  \\    /   O peration     | Version:  2412                                  |
|   \\  /    A nd           | Website:  www.openfoam.com                      |
|    \\/     M anipulation  |                                                 |
\*---------------------------------------------------------------------------*/
FoamFile
{
    version     2.0;
    format      ascii;
    arch        "LSB;label=32;scalar=64";
    class       faceList;
    location    "constant/polyMesh";
    object      faces;
}
// * * * * * * * * * * * * * * * * * * * * * * * * * * * * * * * * * * * * * //


146
(
4(5 35 33 3)
4(5 2 32 35)
4(5 35 37 7)
4(8 2 32 38)
4(8 38 35 5)
4(8 1 31 38)
4(9 1 31 39)
4(9 39 38 8)
4(4 12 42 34)
4(6 36 42 12)
4(13 5 35 43)
4(13 43 37 7)
4(8 14 44 38)
4(12 42 47 17)
4(18 48 42 12)
4(10 13 43 40)
4(19 10 40 49)
4(19 49 43 13)
4(8 20 50 38)
4(14 44 50 20)
4(20 5 35 50)
4(20 50 43 13)
4(13 43 51 21)
4(10 21 51 40)
4(21 51 50 20)
4(21 14 44 51)
4(10 22 52 40)
4(12 42 52 22)
4(12 10 40 42)
4(22 52 49 19)
4(22 52 48 18)
4(22 15 45 52)
4(15 18 48 45)
4(13 43 53 23)
4(24 54 51 21)
4(10 24 54 40)
4(19 49 55 25)
4(19 11 41 49)
4(25 55 52 22)
4(25 15 45 55)
4(15 26 56 45)
4(27 15 45 57)
4(28 58 49 19)
4(28 11 41 58)
4(28 13 43 58)
4(28 58 53 23)
4(16 28 58 46)
4(29 12 42 59)
4(10 29 59 40)
4(2 3 33 32)
4(1 2 32 31)
4(0 1 31 30)
3(5 3 2)
3(35 32 33)
3(5 7 3)
3(35 33 37)
3(8 5 2)
3(38 32 35)
3(8 2 1)
3(38 31 32)
3(9 8 1)
3(39 31 38)
3(9 1 0)
3(39 30 31)
3(6 12 4)
3(36 34 42)
3(13 7 5)
3(43 35 37)
3(9 14 8)
3(39 38 44)
3(12 17 4)
3(42 34 47)
3(18 12 6)
3(48 36 42)
3(19 13 10)
3(49 40 43)
3(14 20 8)
3(44 38 50)
3(20 13 5)
3(50 35 43)
3(8 20 5)
3(38 35 50)
3(13 21 10)
3(43 40 51)
3(21 20 14)
3(51 44 50)
3(20 21 13)
3(50 43 51)
3(12 22 10)
3(42 40 52)
3(22 19 10)
3(52 40 49)
3(22 18 15)
3(52 45 48)
3(18 22 12)
3(48 42 52)
3(13 23 7)
3(43 37 53)
3(24 21 14)
3(54 44 51)
3(21 24 10)
3(51 40 54)
3(19 25 11)
3(49 41 55)
3(25 22 15)
3(55 45 52)
3(22 25 19)
3(52 49 55)
3(18 26 15)
3(48 45 56)
3(27 25 15)
3(57 45 55)
3(26 27 15)
3(56 45 57)
3(28 19 11)
3(58 41 49)
3(28 23 13)
3(58 43 53)
3(19 28 13)
3(49 43 58)
3(23 28 16)
3(53 46 58)
3(16 28 11)
3(46 41 58)
3(29 17 12)
3(59 42 47)
3(24 29 10)
3(54 40 59)
3(29 12 10)
3(59 40 42)
4(0 30 39 9)
4(9 39 44 14)
4(4 17 47 34)
4(24 14 44 54)
4(29 59 47 17)
4(24 54 59 29)
4(6 4 34 36)
4(18 6 36 48)
4(26 18 48 56)
4(27 26 56 57)
4(3 7 37 33)
4(11 41 46 16)
4(7 23 53 37)
4(23 16 46 53)
4(11 25 55 41)
4(27 57 55 25)
)


// ************************************************************************* //
