/*--------------------------------*- C++ -*----------------------------------*\
| =========                 |                                                 |
| \\      /  F ield         | OpenFOAM: The Open Source CFD Toolbox           |
|  \\    /   O peration     | Version:  2412                                  |
|   \\  /    A nd           | Website:  www.openfoam.com                      |
|    \\/     M anipulation  |                                                 |
\*---------------------------------------------------------------------------*/
FoamFile
{
    version     2.0;
    format      ascii;
    arch        "LSB;label=32;scalar=64";
    class       faceList;
    location    "constant/polyMesh";
    object      faces;
}
// * * * * * * * * * * * * * * * * * * * * * * * * * * * * * * * * * * * * * //


146
(
4(5 35 31 1)
4(6 2 32 36)
4(6 36 33 3)
4(7 2 32 37)
4(7 37 36 6)
4(1 7 37 31)
4(5 35 37 7)
4(3 8 38 33)
4(6 36 38 8)
4(16 8 38 46)
4(16 46 41 11)
4(16 6 36 46)
4(5 18 48 35)
4(13 43 48 18)
4(18 48 37 7)
4(12 9 39 42)
4(9 19 49 39)
4(21 51 43 13)
4(9 13 43 39)
4(21 9 39 51)
4(21 51 48 18)
4(18 15 45 48)
4(15 21 51 45)
4(22 11 41 52)
4(22 52 50 20)
4(22 52 46 16)
4(15 16 46 45)
4(22 15 45 52)
4(9 23 53 39)
4(13 43 53 23)
4(23 12 42 53)
4(23 53 47 17)
4(14 44 53 23)
4(10 23 53 40)
4(24 54 46 16)
4(24 6 36 54)
4(24 15 45 54)
4(24 54 48 18)
4(7 24 54 37)
4(9 25 55 39)
4(21 51 57 27)
4(15 27 57 45)
4(9 27 57 39)
4(25 55 57 27)
4(28 58 57 27)
4(22 52 59 29)
4(29 59 58 28)
4(27 29 59 57)
4(15 29 59 45)
4(0 1 31 30)
4(2 3 33 32)
4(1 2 32 31)
4(3 4 34 33)
3(5 1 0)
3(35 30 31)
3(6 3 2)
3(36 32 33)
3(7 6 2)
3(37 32 36)
3(5 7 1)
3(35 31 37)
3(7 2 1)
3(37 31 32)
3(6 8 3)
3(36 33 38)
3(8 4 3)
3(38 33 34)
3(16 11 8)
3(46 38 41)
3(16 8 6)
3(46 36 38)
3(13 18 5)
3(43 35 48)
3(18 7 5)
3(48 35 37)
3(12 19 9)
3(42 39 49)
3(21 13 9)
3(51 39 43)
3(21 18 13)
3(51 43 48)
3(18 21 15)
3(48 45 51)
3(22 20 11)
3(52 41 50)
3(22 16 15)
3(52 45 46)
3(16 22 11)
3(46 41 52)
3(13 23 9)
3(43 39 53)
3(23 17 12)
3(53 42 47)
3(23 12 9)
3(53 39 42)
3(14 23 13)
3(44 43 53)
3(17 23 10)
3(47 40 53)
3(23 14 10)
3(53 40 44)
3(24 16 6)
3(54 36 46)
3(24 18 15)
3(54 45 48)
3(16 24 15)
3(46 45 54)
3(18 24 7)
3(48 37 54)
3(7 24 6)
3(37 36 54)
3(19 25 9)
3(49 39 55)
3(21 27 15)
3(51 45 57)
3(25 27 9)
3(55 39 57)
3(27 21 9)
3(57 39 51)
3(28 27 25)
3(58 55 57)
3(22 29 20)
3(52 50 59)
3(29 28 26)
3(59 56 58)
3(28 29 27)
3(58 57 59)
3(27 29 15)
3(57 45 59)
3(29 22 15)
3(59 45 52)
4(8 38 34 4)
4(8 11 41 38)
4(20 50 41 11)
4(25 19 49 55)
4(26 28 58 56)
4(28 25 55 58)
4(20 29 59 50)
4(29 26 56 59)
4(0 30 35 5)
4(13 5 35 43)
4(14 13 43 44)
4(10 14 44 40)
4(17 10 40 47)
4(12 17 47 42)
4(12 42 49 19)
)


// ************************************************************************* //
